1601491392	2022	1574
990269509	4999	1585
94523171	470	74
272479234	2981	1827
2399958906	971	634
1548411846	1896	1706
2834370990	1405	293
126652559	2415	2023
3345942753	753	38
2743380299	767	32
1045630908	240	136
3298840127	172	56
1407822289	4376	1483
48100655	70	23
2892954268	1796	1142
955698157	925	431
19432346	824	560
2771704583	3578	2266
2834570816	78	9
2391370394	255	80
25678502	3122	2142
2188828022	10	0
878546018	1876	1484
113092693	5000	3667
47104135	5000	607
2178564559	464	43
15066876	5000	164
1870184766	334	61
2329041289	2831	801
3264475885	65	35
1910770484	954	207
229158981	144	95
1313442830	3956	700
1724303324	131	97
253742998	77	12
2306660054	673	388
35759628	535	253
2813365387	2224	1184
235791649	5000	3079
3165612010	84	59
2233135202	140	61
448111957	388	147
62697366	1022	484
141121573	294	200
1902111738	331	304
3110905846	5000	1763
2798798158	2575	2032
32765764	5000	3805
15519174	653	443
285097277	2246	1646
1245066085	2908	2175
46870227	137	47
710757859	643	29
1395074425	855	534
2347855458	407	128
1650388410	2290	1950
17022638	1707	906
25644429	818	252
18665002	1112	54
29941615	474	165
1174456664	1334	100
2991368880	5000	1041
374572659	829	84
35525976	4836	3090
57041662	4629	2680
453561436	726	508
2449650492	5000	3511
2932155582	118	67
388532818	5000	1286
933595302	1610	747
2517983482	6	3
635404938	1115	207
244804238	120	63
946265065	1849	1141
144500227	28	11
2250167449	568	87
2878829060	734	650
904176902	238	79
1455683906	161	99
14803951	825	142
204355964	2735	2246
541329511	131	4
2792946075	186	51
1916081982	1324	483
623033353	298	159
25299952	333	174
89090775	2633	2074
252309149	14	8
2720677413	1372	1061
3178740996	8	1
3071188687	39	15
2381198785	72	28
344918904	3001	1649
24413950	532	286
404923541	514	244
728746483	1492	869
1279365926	260	129
12897402	226	181
2834414549	82	26
226521605	3537	1875
355655086	1165	421
1361202602	790	158
28043760	272	109
928456406	122	30
2915583070	85	78
2733656017	526	430
20004501	933	649
80351619	210	68
88296327	1400	647
332390008	248	184
135627420	550	26
22784691	2096	1664
3113214477	156	81
177280097	2334	384
1938597084	341	13
20627081	3354	916
24546672	1483	286
87506526	1171	413
1050455592	308	142
480018197	3828	2524
1239062041	4244	3182
45849604	472	227
56838981	3874	3243
2485769186	49	28
2323631724	267	195
3335138362	44	33
163785600	2	0
1210753874	495	111
789569244	3234	2327
48124610	3880	3140
3345800758	177	26
567529077	1802	1643
373125198	1597	760
210320751	3	0
2737892870	676	268
923641921	14	12
1172143405	201	93
2738371508	151	91
1088909654	90	57
601361069	121	47
1448986688	5000	3965
770658414	306	116
2172704688	1212	509
67958783	5000	2399
7846072	4138	3231
93246877	830	264
289107079	20	14
33814911	335	91
2924408093	682	176
22067872	1416	497
181813506	1372	500
14659577	1878	1272
156669366	345	54
115883210	1865	955
937704163	5000	2937
110756470	318	78
2811455407	5000	1665
559530797	1919	1227
15170286	5000	1945
38031897	834	178
2165411305	254	112
69190453	4280	3856
560452828	2772	845
274136152	5000	3527
28913772	305	248
437106458	1067	871
18512848	2918	1691
777454808	888	142
318667006	356	210
1671813086	956	561
113437689	2230	1181
1548835656	1238	1022
1949713398	73	18
128633483	514	172
92728914	413	85
938528232	877	193
103747812	951	273
38445467	5000	1922
52432921	558	161
336867747	1957	428
1670645592	252	207
3027683998	106	51
16185232	5000	1328
61105042	95	52
573912263	644	224
3245384441	76	65
189028749	1055	338
21909984	3358	2018
29875818	1765	79
362576854	279	53
2586175196	257	137
29584150	5000	2310
162959947	375	197
551509847	1177	912
757634750	633	392
1566855433	5000	2145
345716798	262	136
2766921938	100	22
44235624	330	135
1674558818	277	162
123791065	3079	804
951010796	751	364
94642746	734	77
1650800029	1277	738
429260925	484	272
330184418	478	101
446690057	154	31
1097027300	4970	4082
1874616600	307	53
32313617	537	232
323385721	841	94
1659062558	484	228
292976071	720	122
168286179	886	137
2943710345	21	4
3267639163	3	2
530963739	166	24
2814073651	2154	664
1735264291	1334	595
1286987072	94	31
909106970	106	72
26071396	1245	934
27112635	659	109
2886941025	1072	622
1450205844	266	87
33346915	1222	614
547904199	320	214
537168634	2638	107
1068480204	211	68
2485800912	49	28
590173575	5000	3876
540660963	2207	261
2194722258	30	22
56408045	389	111
946406934	4761	3360
498700046	920	360
1549127594	275	96
2583797636	90	52
16717148	801	112
582592612	343	207
29757178	461	170
213620244	178	12
3240897141	470	292
193192630	2907	2033
3057295002	19	19
203650771	1674	1456
30559248	3224	2336
1668786650	458	177
2565762389	468	339
20270883	4737	1854
3338164798	14	1
304525409	98	70
1370900198	845	219
1210688401	805	168
260277195	550	289
43251355	726	447
52242864	687	129
3188005545	30	4
2821082002	123	75
95064543	994	352
2159643042	672	161
196531533	3116	1088
51716011	347	212
770521927	5000	3964
2670742214	75	56
3254964078	381	279
25769369	1926	1476
41993876	216	164
3160361312	131	39
1400503214	5000	4045
811683181	5000	132
3342381723	20	14
2737178169	1915	1550
2284040778	1570	1032
308212534	4977	1985
488911358	3247	2326
39106123	2145	527
2636759396	199	16
344831740	52	4
509769573	2516	1322
302335399	937	7
25669608	827	323
3315650567	548	279
132049786	1429	418
23135963	116	84
3007482001	92	47
143795236	837	235
3312275805	251	90
333934967	136	33
229670513	5000	1075
48599448	5000	2028
3195957620	389	163
133402768	2644	1097
536563145	1009	705
2490529512	539	367
386815752	761	124
546009548	1754	431
30967930	2949	321
49671976	1262	1009
212293372	1563	374
297943941	2667	1303
288961609	1788	1308
289912507	931	350
3217290237	1456	185
1555010288	225	102
704306828	5000	3706
893412883	755	460
376387781	210	73
535803197	1156	578
26308591	5000	3649
2794221156	123	7
2971467125	493	1
305567341	2672	630
337194357	167	66
50717228	342	98
1566785113	462	269
3188611670	434	127
93814009	411	238
28321654	904	548
2411506334	344	101
1363083624	1	1
3251305226	2300	1401
239617607	2069	1517
3024312490	272	151
176657599	5000	3394
3266682781	45	38
258831900	5000	2539
206972203	4997	1273
370422480	2214	1640
2784392406	904	446
1513958744	5000	2725
934438520	996	891
102415827	5000	3924
3081420210	1850	1364
3119839568	61	48
483405140	4105	935
1506087619	1160	594
546934384	2779	1584
734560633	368	87
172098657	767	442
495602226	4936	3596
2519949263	1521	368
516573984	600	184
2700834277	2160	1257
347927563	1377	1176
287084075	2546	1627
2519041406	1876	1014
380721869	102	4
468379383	805	259
391201809	2510	1798
2195493073	1	0
262238760	108	53
19038210	5000	2173
3083012555	78	68
3241576740	320	163
312480764	5000	47
368623629	1372	929
431773157	1752	1012
574136126	159	61
37129155	5000	4146
1099214587	132	14
1636125805	597	303
19728844	44	14
408299234	2393	1809
426999530	5000	3772
2935492656	1157	591
2321093156	1904	971
2518574096	485	143
171152361	5000	2643
2480435185	550	326
38054768	3716	3087
2788150925	81	11
2385515678	172	60
113907168	779	133
2828311359	267	171
289666976	2363	1931
134446334	337	29
37591959	881	541
996156068	720	610
2794490467	506	432
1292620070	2141	1723
517997193	5000	1441
310100825	151	91
373364557	1462	125
28152598	341	238
3236255964	48	31
36005781	5000	3080
3309419164	58	9
1635259598	4775	1328
245115093	663	333
3063840061	24	6
57596515	13	7
511231057	51	21
18448384	5000	2425
2918621564	64	7
1675930123	3360	1978
172081908	5000	1141
65254420	1293	507
843683052	172	96
16134203	4472	2272
40684243	154	65
87957969	5000	1594
284677404	626	261
264262161	631	291
2863774500	5000	3107
549863131	295	210
1335392197	583	123
24828490	227	61
132722588	200	44
2956259109	1907	1302
460516990	964	690
43100087	743	370
358730722	4215	785
480632431	1485	524
1901332344	305	151
734859698	58	21
603741920	650	382
205367013	651	268
335915054	619	219
364324850	110	49
323896529	174	89
387194480	1538	351
963507068	58	15
530808482	1201	947
217298076	1966	163
1636106844	3626	1757
503415447	877	547
178985300	1591	1029
25030651	923	367
309298423	674	268
2904695183	195	172
3064348854	181	19
91158484	1124	645
598018682	104	61
379385416	2688	2379
30043610	3390	2022
550273827	1949	373
2958943328	2986	2550
39857486	99	10
2806775116	37	28
230020913	566	233
3257810966	118	107
20487541	130	58
1891615903	153	38
142592735	5000	3178
243801539	752	324
102665109	1543	803
1081973952	3853	2313
192614602	1189	829
1009689475	477	327
471333409	5000	1135
185991141	501	272
2193063256	386	320
74747116	996	75
3225095235	1478	794
19519035	5000	3727
27528481	5000	1829
273641006	60	24
3243175638	1227	707
2377530392	92	9
1508087564	1449	574
3142839960	998	737
16554942	1047	545
67151580	5000	116
2362104414	1177	624
1005383936	5000	2361
274335684	4192	2548
325045679	516	455
75109799	2794	2192
171685797	1992	1600
21415068	434	155
256209052	763	402
16187025	876	661
384005220	4135	3425
254405503	5000	68
1675284572	3162	224
439245840	915	601
355470606	5000	2491
2603857171	701	278
287016103	245	225
187547165	5000	4086
324119016	1130	718
115852160	703	142
537319315	624	162
248454003	2173	755
710686688	2111	1365
525954482	3901	3052
56350690	275	142
2942346460	189	139
3224696714	319	245
2449913803	5000	1383
331313453	44	19
2987979504	116	9
2933804643	474	408
560198159	1552	611
803794298	3851	2818
3102023268	121	40
23885775	5000	1486
16077441	18	10
1358107219	1131	575
420572254	1067	661
19802846	5000	2797
2275254024	5000	1168
3048509299	183	27
313121798	357	46
68126410	1752	532
1093199732	1093	832
3245355291	247	123
213391346	77	46
2972740510	689	420
2873316438	221	102
2213930756	5000	3834
2860936247	974	309
1403424721	140	105
394987093	1571	988
856463456	330	139
29054598	4377	2687
131118806	288	28
920161381	5000	3234
37293223	88	41
387485416	376	173
2443269734	351	108
52436759	66	27
32138442	4993	2573
2578857973	207	103
460422982	147	82
24572630	1571	983
370324628	5000	3787
57263670	464	341
27944341	1376	1010
50243741	2513	622
3141654004	492	292
2436947964	4225	1117
231541352	190	43
1374764281	147	81
2970330011	739	9
510823412	1091	532
33336675	4461	3568
22933688	1312	880
156209575	864	306
20788327	392	219
121535535	1035	382
2483908675	745	597
2421964502	4864	2357
45600257	1985	1492
20812098	100	74
412558070	527	249
105272389	1561	1004
62617728	5000	2539
3348910433	21	17
252270001	514	11
411485640	100	56
27587178	3607	2858
607630997	35	23
1250393527	182	128
3344883958	38	21
553480874	754	613
92643660	454	222
2786939868	1642	126
294801275	344	36
593296499	2108	1828
24645354	5000	2789
565501978	954	829
2762288549	2990	2342
1426676066	1250	573
2933840119	936	616
545947659	84	69
512627900	783	79
3210553487	1	1
2857253438	506	344
3181603264	229	108
2582752596	395	266
48762009	2230	600
3308732037	1542	936
54032913	199	150
232865000	627	235
150728090	144	80
1295672767	228	107
2402434332	178	127
252728214	129	100
89547441	1156	409
45454970	4248	3327
220826934	193	132
126410996	862	251
2547170155	880	337
395381456	1939	412
124735878	1	1
3028055777	272	89
178332153	1172	646
117454986	4376	3467
828155418	5000	1228
24294066	657	69
161272503	2403	1633
740874799	5000	3815
91562723	3660	960
245462185	710	602
756049831	1823	375
286910376	395	195
1438949354	1	0
3152299939	1601	1160
449603053	298	16
49216749	5000	3123
15335491	1449	831
2993036154	1720	642
2516013102	5000	2764
1222740728	413	134
33831682	688	333
103000520	4070	2504
713564221	1878	915
933647382	599	95
1125492462	620	462
711602922	605	484
122567822	1367	1062
26350601	855	58
69980982	454	218
3201486555	256	92
171695328	269	37
117989854	1871	1158
2759480186	21	4
969012494	687	148
522110370	224	8
354440308	4562	3777
231683938	413	177
846649044	2208	99
26958961	9	1
2845021300	671	341
54253578	1599	1302
3111889034	5000	3420
399395577	116	26
1605668706	1735	1237
621996473	2091	904
593986993	202	23
1777557487	1300	771
21109485	549	69
129960904	4739	1727
32200853	840	551
25429361	382	20
3248242181	117	79
397860713	4541	2635
26313306	210	92
347500057	115	17
38308265	850	272
41789292	1615	482
370540029	101	41
285968258	510	163
63291287	829	509
296761476	2055	1015
849769500	5000	563
3224829778	279	89
131555214	476	22
305440110	206	90
2788880730	238	143
2402757463	3136	350
588441390	220	30
230899742	1054	562
1531791140	4033	3470
19215129	890	517
576796855	4995	2035
2553149010	1	1
345140069	398	79
468798935	2110	429
25564023	1978	1741
16570951	471	280
34055339	721	255
61266376	1188	500
74672763	5000	3478
1118034906	236	135
23953082	777	29
3152384252	66	51
254744099	193	173
288981065	2896	2237
168819220	265	161
1978031743	1783	1028
144041038	464	275
211332420	450	331
2369596231	1167	811
44481898	838	254
408752680	59	33
382153540	2021	645
2952468264	5000	3823
1208304842	994	896
1057244852	3055	1641
1417728643	7	3
14671904	1944	603
1270528207	1448	633
24172701	215	86
14745550	2656	1414
2883615951	430	261
0	84	40
14970812	1433	306
1694600448	5000	4186
366843188	286	179
2470409048	271	145
2320163833	397	75
32282837	749	601
741858643	812	420
2230671487	1394	631
3107567597	67	3
212463932	5000	1609
141054864	722	366
20416773	5000	3881
3251123730	91	48
712383758	432	181
2471760021	237	186
81582751	5000	3900
42479153	741	306
316511429	655	277
23807763	2146	865
313731146	246	118
178095617	286	82
865780110	147	76
57461026	1234	892
26218305	5000	3662
3107967905	134	122
233257967	646	260
292586465	810	261
1639395961	5000	2257
3038116383	1445	664
3119003742	47	15
41581659	894	116
255067647	3201	705
2565936404	35	31
118754041	533	256
951008132	5000	3723
77258620	677	223
220837902	1116	678
38104249	525	164
1499885311	121	117
43405249	1012	889
60702622	306	128
874834874	411	155
2251286285	3491	2914
1332005876	729	199
1349093048	467	224
28424279	92	32
849122588	27	1
17338837	2319	1110
3169035458	4762	3069
14314844	945	339
2951585327	616	194
3307173220	320	219
840421620	205	77
1877566596	213	36
134971190	479	174
329959864	395	26
2464554372	179	151
3214786827	1002	183
2933932956	550	238
56798817	2894	1875
33014006	692	603
263391759	413	28
2595010674	494	204
28332149	5000	3914
1683366356	410	160
2820596893	425	51
517239908	758	303
328457935	2300	1551
2303590597	3547	2962
25437536	3224	2222
2296750843	1809	753
423967218	956	106
22833654	376	170
2414706632	1014	172
546258169	548	237
820137715	2611	2140
432048547	2556	217
3354392603	894	558
79541275	2281	771
972496296	2124	822
17044839	4629	1224
24239999	2993	590
3103717477	839	645
38900178	434	347
1027438579	965	543
1375437380	274	76
2849580572	1395	592
489063004	284	123
1630668877	324	24
2590389722	404	156
3353633032	1647	960
414161049	1154	917
209762884	585	323
311654967	5000	122
366234958	994	567
144918041	4788	3376
713365316	96	31
2739638030	256	146
263977418	1145	848
3270387492	172	159
77013143	1796	1421
1112609240	814	524
2893372832	5000	944
52658734	1726	1260
144570961	5000	3588
341122817	199	16
247108641	90	5
2970468605	706	6
31188140	384	88
426967017	158	65
2869158160	118	92
540849868	1119	738
40607954	201	94
555690810	5000	1100
493817448	902	101
380221841	697	232
395484842	1941	1299
1361824520	1545	408
848518471	5000	3362
1099655371	184	100
405437713	52	22
20077515	1946	1075
229588028	4018	1216
1283021432	612	215
274816731	622	500
2582800071	298	162
2602052260	556	266
14250106	390	40
403907893	3618	2404
1564167697	3362	2615
567649661	1634	1164
467681653	555	343
74662993	1929	1051
20688492	3877	910
115090735	85	9
2260439108	1676	363
471472958	626	124
299453646	299	114
2523704228	495	355
437726498	241	181
2985359568	422	85
3345128776	20	9
1147734344	883	8
1511351714	153	99
481610990	907	275
245580162	1999	695
2160131833	423	269
359301644	1748	767
33214161	73	26
49104549	26	20
142137035	278	191
1507070148	857	247
17115086	5000	2826
3358621409	98	95
47179510	4615	2910
170310148	959	663
2295460021	191	65
1511205571	3216	2481
986101944	1083	605
21410672	5000	577
3000593912	227	204
246798976	405	103
30876286	357	244
228147604	4212	1813
525714627	513	147
1592530752	1181	247
2485098619	414	111
1037787463	132	2
3243962811	696	595
299764235	622	439
540930006	5000	4048
21324543	5000	3708
191501593	830	268
235321021	1037	355
258631265	1509	862
1104959191	3063	2102
2991772466	22	19
87878811	123	71
2753473175	484	71
264595508	2042	1174
2208412405	10	10
253299193	179	50
142142545	1601	424
3220984207	375	227
311595658	241	57
1014842906	31	3
228505560	130	54
2931714486	740	323
388579974	2336	786
75845845	242	116
556261687	524	240
20814919	502	351
3169087759	95	45
1708964144	40	13
2380284987	2009	85
1318840760	4960	3209
124088515	1894	425
29888040	4977	3021
14839662	1152	491
3244012093	4	2
875902951	1578	560
3071440342	1489	93
25817664	1061	494
23195603	5000	2757
472722481	414	347
172194341	1515	508
484808445	729	466
846466327	1703	218
154183934	189	93
1045239187	108	16
350047207	4353	3094
119182046	4924	2884
305134790	44	11
37990581	5000	907
280073623	1224	301
864558457	2115	205
247615853	2518	2150
137140274	3493	1572
38459796	51	29
1242194030	59	8
20295082	685	79
2410786244	1	1
890240018	232	47
21691269	5000	2367
3179610596	103	38
252599372	1218	258
724658586	2235	1867
400043405	144	100
607325551	521	174
65142014	597	186
3000162348	187	18
20994303	677	284
1340063743	21	9
49797407	1210	422
3164117968	54	40
2340798020	1210	234
3253109460	120	82
19987328	4208	1718
48263154	163	11
129235890	5000	3735
158111087	1894	631
748477502	5000	4215
23933255	289	19
884893716	5000	3880
2173032090	269	59
212319151	273	65
2543708726	25	15
900604650	4885	3054
329137978	947	606
3187116042	718	262
194619305	4874	3374
1275150516	79	46
3070481688	44	40
25552501	472	165
20776147	859	663
30042350	1441	351
2354308160	140	1
2725694319	1919	113
1968144578	164	35
2708308693	1083	393
2851340937	1498	486
565663485	1725	800
87693992	4073	1855
3257222090	57	19
245909009	640	437
520344647	1793	1326
42795468	1436	913
175499065	987	102
37766774	585	209
2563726591	1384	642
162967620	448	160
3062055361	2915	2389
1269478950	242	40
1710743832	226	120
79894834	480	328
2943508337	52	49
46623658	285	93
361375950	244	194
15577097	3279	2468
24688850	1885	1534
415304375	5000	1943
25794695	895	89
3326271358	12	10
20475362	2510	548
18774342	5000	2840
20587072	3302	949
991346778	231	68
3255039704	361	19
143311631	1426	1067
2176958272	720	23
3133025402	599	552
296902102	3	2
29134922	1640	611
918502830	520	163
1438951572	1108	662
198494857	5000	1171
1170778068	692	123
985410115	5000	917
1650278431	753	251
32522999	388	143
16989970	5000	3719
2205269861	2103	43
487112770	3560	1951
54959820	110	14
3265629367	726	383
3182576161	1651	513
70247351	366	302
463054608	984	76
3354224537	890	648
2811712112	2408	1519
73621473	84	67
15907183	2920	981
870988388	1465	399
384341065	197	63
1470608390	1668	1210
33760345	241	108
3248100462	92	50
90359845	4917	1540
2714514184	4959	3390
3197653344	12	4
137455850	998	510
44099200	1109	726
2204027450	138	17
2571878965	125	37
27198742	5000	782
32673835	1284	484
16180559	3073	1586
146712559	1703	461
2412448794	4	0
3056142064	5000	204
27304198	23	8
2903733490	759	558
303665229	1898	709
167282831	2171	877
18205761	5000	2200
2744430555	3568	1623
913515602	92	61
69237755	325	27
550423777	5000	1875
1043713747	802	84
96666026	1244	673
3153527292	36	10
1871604686	733	268
572784902	228	56
3000884566	1087	409
19799489	3645	2600
711796142	313	48
28707625	1134	671
471145656	305	179
2651100063	62	20
2903194852	3204	2688
121656624	5000	1529
1169337758	11	1
3260191711	404	188
462114432	98	46
187351126	2006	1664
248343821	139	4
28737338	204	83
1675067046	617	83
2983263480	96	43
173789958	1999	610
2323947968	453	345
17283062	1948	1315
2388403569	476	266
45302861	3818	614
501234848	4697	2819
2772622527	204	120
183753455	5000	2884
81127761	651	166
2316983790	1933	457
848084893	1527	639
348509295	323	22
1914506792	1587	882
131530690	2206	759
2284850010	361	120
484514913	4990	3837
3207939867	108	67
1538792221	382	157
429523010	933	392
113081744	761	623
107168854	321	108
809503508	1939	1660
158033670	832	226
423670056	397	59
127374813	430	164
245308991	226	116
846447662	5000	3759
132286315	1413	918
2650787508	5	4
1129762164	909	686
248522239	308	70
584664650	397	68
3158661520	204	140
379482411	2457	1938
574670873	1555	1351
2262555338	5000	196
3253139498	26	6
238717022	210	65
17362917	526	368
3257153431	40	38
125736913	1980	1350
404527642	552	125
2353473133	11	2
828066757	2965	1615
554641119	2984	753
461931762	1068	520
17237178	560	315
1167357150	968	406
2167674121	5000	2241
373226298	4287	3614
610795492	1055	578
22730618	5000	2842
24756264	5000	3616
63195884	2513	931
614730516	744	409
23265506	2772	1210
3148618465	33	3
538785862	705	183
305506218	835	344
18231666	2314	1712
3361503233	72	57
718982780	274	35
38723680	5000	2936
120234291	3235	1546
72183405	2051	1038
3231010562	325	252
3026078916	1305	748
76924385	1918	460
2482232082	988	406
249782044	4540	1725
31489591	1580	959
435464834	4	3
2868906035	209	141
88875512	3160	1031
19955349	233	108
926991108	1	1
263748985	3315	1112
19652417	444	81
987715628	124	113
1703926747	1132	301
377775232	5000	1074
2363509219	502	204
2333881903	526	182
2388340026	287	130
2192174179	5000	1607
35814494	1754	1102
157373298	1002	482
16485255	2272	1794
105030888	914	680
292671486	5000	3047
2269197391	198	56
2842797465	571	414
135586989	726	460
171561479	283	148
106211842	682	385
59546271	246	69
1399721636	4908	1596
66931709	2857	1774
56749735	1545	938
454330756	90	64
370253741	2432	440
2756873076	2476	904
20852423	5000	1493
45335538	351	113
2804688560	2351	1853
117511000	979	788
373505326	5000	2241
16607017	122	40
112628901	33	19
151284118	4938	3365
171548178	1038	436
144317147	103	40
2516876754	191	20
2584178036	172	15
477889371	784	379
18258975	4053	2907
1870464230	1634	941
236728688	1874	585
3187453725	2717	1059
16007872	5000	4181
20165785	2422	1087
3128121228	39	22
28339731	1910	1515
269618359	224	134
423022414	751	378
20415005	3532	2252
1891556472	514	291
134228450	1133	950
530872862	1135	937
14664785	1413	409
2728030319	334	46
17437437	5000	1613
944224682	2866	1928
1591456602	419	170
64813290	500	347
1489300873	1392	549
1683575401	28	9
296285008	4068	2072
88861467	5000	3475
2424692306	2270	1359
3033001737	232	103
22258499	503	319
898976443	212	79
80473558	182	67
1346952402	1369	706
27532984	2854	695
2969884610	46	21
1831031478	236	154
51175773	2316	768
438029624	188	138
47545018	3289	1359
3368792476	91	21
3242788349	56	45
147290864	811	173
16349648	5000	2722
299776432	425	71
632470518	385	292
375549185	1167	390
984614636	720	335
3273319902	118	51
2474024125	2605	1788
718904023	1166	1032
319931473	260	182
1574070996	302	83
104048643	176	72
899135509	129	26
2707065429	4552	2519
802890950	66	29
16579411	169	91
1535720599	482	224
329016412	129	107
3343771132	14	14
981858932	5000	3035
25744258	2323	952
275648732	71	20
56396769	139	113
839241362	240	136
109071016	1631	910
15278752	3022	1114
3330251014	1	0
494609110	1177	795
1049681827	5000	2365
2279617531	466	228
807313422	534	424
891606402	88	38
17732518	4998	821
2499345348	313	22
2904178633	2235	1877
1534688612	3312	2773
20756583	1267	313
493186164	311	88
178102854	1806	286
126826923	241	51
3066582305	201	6
457997085	152	108
3268759716	51	47
118915743	648	404
2834166882	844	245
14137559	1660	957
24823987	5000	3611
887193084	681	263
938272970	170	103
1163770970	3384	2794
3099491228	68	28
2375662682	1136	648
49633388	5000	3037
14479480	5000	541
2675442426	1007	560
192014466	538	327
390518157	274	81
26254697	703	81
1264371828	916	688
185354384	2976	1408
17674757	2300	187
1260736442	162	19
1099962955	3201	2743
774926515	707	43
140480683	1000	287
3304420079	78	19
762534008	591	79
80904174	5000	3628
3163628732	53	18
554060122	2943	982
1552520972	101	61
116642061	5000	3022
3364105379	48	13
2977573522	432	271
1496545255	5000	3907
259956008	2433	1983
1053036164	303	9
566898139	737	125
2746845258	99	66
3306173819	5000	3292
97254875	5000	3437
68599588	1798	266
1366273350	844	149
2989219299	3268	77
31631820	1142	479
2518201555	24	13
636611445	2119	1451
481713367	195	85
3294749086	18	17
2429053827	231	23
26517251	4637	3600
794401550	5000	2915
3146112395	188	32
1952528058	738	367
575579414	607	331
2764409537	59	25
26344790	304	103
1323411324	1608	875
348812932	191	10
937484864	2856	1461
27593757	1229	627
602449513	66	54
704219604	1098	302
17067404	1395	85
84706649	478	284
289089975	559	243
319991608	518	453
26611860	4788	3604
3266810329	1148	299
32419017	1511	176
282828453	278	80
27203795	230	155
14959367	3077	99
106348183	610	376
357625948	917	658
39314178	1919	733
274582904	1432	824
1255179128	3717	2481
1072596854	4532	3739
337891434	390	132
2204266981	156	121
12626962	1264	669
3362819183	9	9
15995683	1872	1341
2378184751	656	285
809069024	621	321
949555026	174	7
2990094652	1907	1002
34399693	561	261
363214023	32	3
519728191	4812	3172
76009410	142	129
240844856	4452	2492
3308568165	40	34
480859386	150	70
588097287	5000	2528
822476942	3577	1134
279223008	5000	3351
2759766645	38	12
886400342	967	166
3220693453	1866	435
580164192	2928	1708
2151699396	1732	549
383990793	508	327
18277208	3298	1984
53905837	288	95
2987684469	44	10
78776348	3802	1274
111631919	398	119
2715213326	298	249
2364629671	483	306
478242108	164	78
52728606	3692	2316
2319773719	4995	1716
154405568	328	212
22686311	410	252
119247289	247	87
332003842	2576	984
356026306	1835	1080
22108814	75	28
1716904873	4789	2443
422764873	497	378
803085008	1	1
3258396847	12	7
17934423	2754	838
853150752	5000	152
569175899	343	237
173725035	189	47
1475383028	5000	2391
1551803456	31	17
2922002179	1491	1043
45661957	609	101
1161032318	150	39
448888098	424	8
3346311185	627	471
1494592956	2773	818
239281295	448	71
307409976	785	403
56906548	2020	717
115729308	846	273
461072129	340	70
70359139	220	6
19597938	2504	560
1682038578	134	14
30486400	475	227
36864149	2294	1103
1577662128	258	5
125896734	5000	3864
550470652	573	51
3022193149	134	47
82915010	5000	1425
593990249	994	393
976530702	472	192
74513551	21	10
2931942752	41	24
58539856	296	133
54159671	4464	2995
456636692	3595	1298
2366465875	740	181
2841993261	2376	399
426625018	375	122
3004439539	5000	3624
3346766793	1	1
23795703	4975	3927
2566078809	94	75
27598939	1242	207
253860949	715	550
3184650450	680	314
3304265169	102	22
1428039019	377	196
1100327552	1212	551
384316868	343	250
564060759	792	218
741501228	427	20
3237187123	479	350
38057219	501	245
3262822988	53	49
20912252	5000	998
3292562037	1	1
397511255	172	33
391430036	480	322
420013806	201	58
1168614020	64	37
838627057	1160	966
794276665	1642	1144
49360369	613	451
184939350	88	32
535681746	5000	3881
281294184	472	94
1550522623	862	503
409379431	180	25
34997182	2115	1193
3069601323	90	37
1283500518	125	80
364691947	164	34
3105073274	827	102
33051120	408	104
127296243	832	779
72454254	5000	2744
841704092	1581	1305
2586164682	1605	641
952847162	179	15
2250493751	228	26
2735705952	771	520
728959290	184	67
146992589	332	118
1512066462	21	7
300182014	1800	256
2821140798	953	356
35627887	2257	1775
61059961	2626	1889
707140640	90	29
951063234	34	13
41595110	298	241
3107839339	4988	3930
142642716	655	292
226479824	92	29
1242410526	4882	3639
931286316	5000	2379
263897316	563	337
543787955	2934	2515
380274414	311	7
2971403851	549	275
382151611	919	173
15800697	1330	1029
1694408894	387	267
2970486053	545	9
15726358	5000	899
28246428	2584	1811
3076256505	5000	271
2447898228	470	327
474447301	749	626
603073691	1484	291
61805591	69	39
815977938	308	52
2685871154	771	76
2564535115	343	215
805335157	3166	2448
355258993	305	88
44245603	2544	639
3161153266	90	66
3087709502	142	107
3158995731	82	13
3243259442	1378	882
22589460	1426	612
3081503914	1697	296
444284249	5000	1296
977434538	4091	2343
2438840592	171	88
762583238	317	162
17791954	1040	326
158163008	348	171
2766766785	815	211
12814702	3155	1376
45861294	1561	631
3267764497	3936	2516
705810306	535	319
1686369542	4006	1987
574311668	1994	1057
924604970	323	82
311740717	831	181
22972142	107	67
3266889440	81	75
1110629412	581	195
1716228649	576	316
54938472	5000	3500
1442872940	3893	3074
416009248	655	343
22720990	1067	611
311856115	5000	2720
27320992	2965	2371
1657033226	344	58
7790622	2842	1240
112604113	2903	1578
2785842351	291	189
1288966135	1658	550
1275194059	77	50
246362853	959	349
84599864	634	162
2473562064	15	8
1296325968	2113	1590
365286256	1901	649
445412046	272	21
29553855	28	6
220304072	750	199
798914238	2718	1339
140989303	520	18
2658420401	1953	988
294991606	5000	1068
1119574238	1007	290
1220386050	4497	3188
3279650217	542	330
1616820708	3189	1733
19817101	1948	1491
617669968	5000	305
3000093281	540	92
3352331979	80	49
1955918744	147	48
174111162	153	67
1173394580	623	502
2973253416	95	18
611937922	74	53
1024124754	2006	345
213800459	201	81
28027698	369	247
311521075	160	65
2258147472	126	19
80605638	275	171
155967817	525	63
385503897	3531	2587
417562267	775	321
816840528	507	297
30421467	985	271
21048939	929	437
164481340	358	246
98495253	1014	452
2782373709	315	110
1471615951	5000	3511
952682149	122	82
569581021	5000	2187
2203656907	838	407
108155579	4855	2202
295092700	1196	255
3315006868	1518	1354
2798120162	480	251
248858868	1628	275
938073644	603	300
822444836	305	161
1145546574	1849	1494
14394248	2616	645
2945993432	1176	401
234650609	1838	612
23775246	1077	296
1390872433	1051	866
2524274756	105	17
3252304130	528	152
790693135	2293	1893
1629242024	510	8
24487817	448	229
27371671	3241	623
18204607	507	406
356405100	2296	946
537551503	193	20
921437132	2525	2136
1025491062	1078	587
3122409107	310	74
239964758	1460	988
487984707	1552	1059
1069761618	420	69
14133418	637	125
563613307	830	27
2559582960	412	374
1528718839	1640	989
18914244	2270	1363
3091521770	2049	1669
606727141	37	27
2455822425	1820	909
551176355	15	14
2953952180	1436	687
3095274289	1852	1127
2594824381	632	181
22019443	4923	3685
451938018	438	40
193573825	419	164
53156275	958	148
167489997	4164	2436
16047377	2414	1268
178863237	1646	1116
473920162	386	166
2997750360	770	343
2410623764	247	167
513787993	2331	856
2738526278	562	373
712746949	39	4
1833167173	1150	1000
430851439	730	175
67873734	1299	422
17167572	3245	2256
833692508	594	12
36024535	358	113
298738919	2192	466
3098137655	268	132
753498337	725	497
1105693836	5000	1659
3268258818	1	1
2312309148	433	109
564068690	1441	278
253813547	5000	3862
3272381252	560	454
319945811	2577	1687
2160658435	807	402
2916949294	3218	1517
349702331	1339	146
253791853	2	1
3303501297	293	38
227089517	315	5
370407497	107	1
520605382	165	32
28059115	878	366
341179470	845	223
1904772828	1735	1460
179398887	2735	1587
3053054433	293	248
1230007218	2625	1336
23058035	2370	1810
457123526	4971	3405
45326172	397	107
196479615	1546	969
621983823	175	51
57388123	23	7
2894492515	239	128
7242402	2681	382
614867166	4396	1772
564890144	930	162
3331584491	103	8
378815402	2592	1126
972676584	395	18
195699945	2829	689
886193449	4951	4194
5254851	746	322
1170236772	695	377
594221885	3509	2589
470528439	4998	3334
488715970	147	110
1523084330	5000	2431
37813045	1689	613
78882537	5000	3067
903122724	1187	1063
233933230	5000	2856
1111294736	191	32
202491278	1150	534
203351820	994	313
814121478	2091	1401
77602579	1851	901
536803217	5000	3024
2710813772	4603	2426
1559437922	258	97
234660291	757	314
262052102	5000	1557
1441743247	549	385
1357315292	82	57
14828250	121	35
265530743	4433	3472
223813995	272	141
129594352	109	18
2924837358	23	11
2155965720	548	80
954124423	5000	4135
3255842786	444	358
902589602	52	3
333096539	870	172
1858875583	122	36
1414240405	15	14
875198178	277	175
28387976	1712	1425
19694480	339	267
2551981338	3164	1213
18820311	907	700
290336510	397	107
2456514644	1139	571
9739202	982	508
33856647	1743	501
2274042164	494	166
2452462418	105	28
2701764742	403	96
51794810	2242	1319
145740792	227	134
3362824845	290	131
33437088	615	333
48009323	439	102
497964337	560	243
2970133133	1098	698
233150076	4300	2839
462683900	4977	3216
2277834518	856	438
107801651	809	706
1093161157	73	13
430205622	763	140
1396092896	263	23
446515593	435	252
310295474	3377	537
2387639999	1710	1291
288451785	415	132
2216532829	4322	2969
898233312	713	362
596749764	526	478
256295544	3777	2403
621721365	197	31
15738612	281	49
3041136213	184	98
13738192	4795	2215
55650895	333	79
2934103794	105	76
59058094	1246	495
30980826	2168	926
2562513816	529	14
28212338	4977	2543
154497395	1860	828
3166924179	1003	53
3267461462	42	34
3253195579	48	44
3039721373	408	227
328433617	2029	50
25527925	1927	795
76514412	4552	2890
3041759534	897	198
2882815516	498	146
337309414	3103	1333
93107131	396	215
51534880	1796	1428
28685202	2937	1857
139682816	620	153
426091279	103	70
565990533	405	118
271582357	120	46
3346946283	42	31
42520161	3505	586
389669612	5000	151
1737013177	283	26
2991043915	277	219
587754021	700	560
1299305076	2484	1956
969863028	1288	513
958800630	5000	408
2335712275	150	56
3330290146	119	90
544927839	1	1
2196884166	348	294
42106370	1731	438
3260830099	13	12
85758791	712	202
2502484436	483	273
106810725	1218	259
3234053946	286	202
386047805	2442	516
162406336	145	22
292684762	4264	3141
2762876709	1290	1043
990342288	1472	152
1653842720	24	10
37792953	66	33
1393600633	208	95
1938077630	2142	1620
2554476104	401	249
16027532	5000	590
883367492	1299	307
1895992122	142	114
3043915019	67	45
1734086719	5000	3621
276448675	1535	430
63433488	1015	311
41911874	64	20
3164925309	719	592
343529731	495	208
1656884071	2559	2083
572956335	351	11
781353956	2067	1322
376370548	1134	917
3131055880	109	59
2236166862	226	69
19363152	940	395
1979318335	50	9
197518793	383	346
248408004	2122	285
16487286	1693	1273
2373807873	616	236
23636341	3127	1634
241140071	5000	2570
747534378	319	198
405418036	2036	422
295953728	699	359
1370051250	4261	3487
2417189972	1378	449
100789993	1003	355
976570982	5000	2510
2966783441	4996	2686
185360779	527	138
3045188288	76	32
442194176	956	85
2427549086	1570	287
904810734	5000	1327
3185235143	1	1
391599105	120	77
281310593	3801	2465
3303389147	5	2
2908458650	102	42
381093957	23	17
87862480	5000	3762
3015895638	86	1
95697038	1733	877
311622816	969	792
258916333	2092	1393
121521978	4274	3569
2229265825	1893	1245
21395960	204	85
19268859	779	461
1107454231	630	393
310309420	413	40
59889375	285	92
586051463	379	168
3242880618	893	316
3016074373	61	25
3126680683	270	123
2894032402	5000	3398
43489755	1251	266
3342026337	6	6
2190483199	558	247
271146912	5000	3867
9384712	409	219
416040278	275	103
2214897295	65	35
3102422154	79	65
2177337757	1000	326
64722891	1370	182
109052943	1009	413
50194631	137	49
50633083	381	134
41987063	907	677
548222132	41	5
715044396	5000	3403
3053753441	35	19
93194555	2003	1039
1000849548	764	329
25697311	72	27
3097044714	32	5
266686959	504	239
481801051	1431	126
302353072	5000	3850
1949759941	891	194
20275809	5000	893
3000911754	287	234
42245932	4998	3571
2849377274	2836	2199
2359848745	1117	371
887569722	3801	3039
1099255296	1547	833
1871547854	991	468
794810444	5000	1770
117010608	112	62
480492819	28	20
2174118859	916	698
3171644885	98	90
18037344	5000	3331
3060277294	371	147
3170681876	301	154
3142593119	25	5
517084598	1370	979
130271069	269	137
3163317251	52	40
247502019	4994	142
862312878	416	315
68956490	143	86
330472602	5000	3390
846184748	374	69
426804233	2197	628
28976344	420	30
2485528477	561	385
3240304124	87	28
2683134085	4989	3669
232788678	62	17
2259688530	1269	589
48663757	624	190
2609463888	21	13
2899816762	544	75
251494353	143	11
2744370787	160	7
2903479080	117	16
863889445	4037	3210
548246959	255	42
2267016139	273	80
320146757	322	13
495413443	152	1
126523005	5000	4320
3121592238	1895	1329
3292215519	150	123
349222101	5000	3847
331994993	614	85
31480713	3210	2146
74923909	397	96
305729040	1187	50
979402231	38	2
37979031	819	81
1017189240	3349	2778
203333954	189	76
542156090	431	68
360001485	844	171
192099347	5000	3919
2970593542	2508	45
125036205	749	121
92468768	4792	815
220521204	95	21
250115148	389	104
318035237	935	178
100306237	561	173
2180563412	606	342
225196660	257	158
50885144	1204	490
59380474	2449	1071
357901696	2186	702
555892450	1194	542
993585120	3438	2088
465268864	189	117
24176655	567	173
985567560	361	265
387472346	804	433
429341725	644	193
3256080464	153	120
1219714032	106	9
2730053550	193	67
557078282	1879	916
1706347562	65	60
35046000	759	347
493759293	449	30
510813253	1096	472
149283816	2797	1846
318357602	1235	170
198004487	2537	1804
2429648227	37	10
1309271143	1321	1115
18028698	703	265
609244293	5000	1161
22303562	3242	1363
2375945442	439	92
75403792	5000	3303
3346219157	20	0
140265010	382	90
258551101	4365	1938
1120979353	1821	1469
205314540	144	64
82881276	880	596
2831997741	1282	666
167887227	188	91
2608084976	5	3
1977419539	5000	3093
2924173747	1063	773
2901941750	269	10
180786728	148	12
625857378	2172	633
2872454995	79	15
738696752	1853	662
15020730	2871	1441
2889484097	1816	1268
37794539	507	344
548626907	426	83
954148879	5000	683
407839506	203	13
3321488885	57	49
448510528	1	1
47520535	121	23
288919245	119	75
47096351	3887	2747
2361911206	1032	414
103707227	290	87
292370994	2297	520
406705341	79	39
950784150	975	380
2855795572	597	140
215446879	3670	913
2869086157	21	2
3318314009	672	218
23846387	591	393
2412708224	5000	3952
361639486	38	28
345714748	224	57
607886013	255	1
54682894	978	329
2753117904	558	33
593118823	1798	545
2767997646	259	30
30724156	390	202
1202310276	386	323
2534342832	3536	1743
369249722	5000	3196
49875978	436	150
404919473	369	123
2663115926	2526	2028
2194928326	288	22
1952273347	328	163
2802124516	1428	905
466773232	389	99
20306034	5000	1596
350747623	159	24
223185716	275	96
3038719164	1806	506
1618797350	77	52
54454385	3340	2081
2931883207	655	527
1715841900	5000	2248
769171752	892	107
14810811	1310	84
1900908690	2533	882
3271904619	137	84
3112095424	1239	456
3134097521	92	88
153726491	4187	462
609444482	520	186
487933376	1392	202
160987570	325	163
84408506	117	27
2911129285	125	57
96825691	162	27
2835888253	480	175
159605210	2658	1276
747723973	730	82
310483874	869	220
47348085	112	29
595997188	227	50
251905304	2844	2148
298821330	4993	2692
316649790	219	26
2789451130	1928	851
2772418567	2665	1094
2811624648	92	13
2810237143	8	6
899038374	636	495
1447960080	1053	195
3299793525	2645	1899
1397684953	1120	343
244336768	1	1
721325751	206	13
260527870	5000	3244
2714736302	1556	1380
1398717673	2322	1396
2904569183	17	12
3274932152	131	43
14303077	479	64
1374664320	205	84
28802658	4327	3671
65533495	178	62
2860589726	207	151
495072523	5000	1500
108683893	1171	634
162114552	2253	1976
74968200	927	28
187958175	590	290
3252886586	194	21
14181258	16	16
2391870344	3766	1787
3052054201	1	1
1428473052	790	451
3201685978	694	59
42269798	1125	699
2817246450	27	12
374289688	532	55
44174813	711	584
358852183	1	1
69899423	1532	389
596857608	1210	1030
2383867424	1435	496
410752414	280	13
921983294	3862	3095
26146954	135	72
345752316	234	133
3119138842	53	47
1430129144	39	4
3363611549	219	167
3311276608	262	208
197918942	211	138
3363447497	23	11
40756848	496	305
937254745	395	323
1302428840	4864	2588
18014373	574	165
270610643	3166	2526
267085354	783	82
116826365	146	55
506834929	358	204
330759494	3725	1681
59320978	597	509
275845347	162	75
577309341	2924	1990
192063194	877	295
2692397982	981	761
20913524	811	344
1478389008	454	309
1855651098	3749	1148
2154273384	990	582
1541891113	1286	65
2549540509	164	23
118991546	5000	1519
332936866	3454	1445
161615525	462	113
89561713	984	471
919886574	3011	822
2435948240	1180	719
609485539	622	91
1697810262	1013	520
1701231847	947	44
105498404	1836	932
3266119904	31	23
61567598	2242	1303
626067666	316	194
75946288	1689	1352
212853504	5000	376
19786336	5000	3506
177846348	161	63
1117114844	54	36
19142551	1369	633
570472249	201	58
2950081504	167	52
271126094	207	112
291839469	1833	1251
338782661	204	13
840424010	92	25
2686561322	4212	3723
2586776035	755	243
28644910	155	53
1149353412	2020	1515
590180745	5000	3961
2176428032	150	83
36207113	899	332
2346722716	85	4
1476111248	440	60
182347444	5000	4103
3191431412	129	99
547166559	315	163
275714700	5000	2661
336721797	1771	540
2523642614	2417	2036
3164632718	128	101
2614101470	5000	3551
3320355142	441	353
766594368	608	317
107284130	2632	755
474202929	5000	2495
41479697	4989	1442
1662566360	513	250
103714951	521	132
95930466	2995	607
159302754	2115	1008
2718241163	1853	538
534489724	1788	1601
60935743	816	295
305851676	5000	2262
872664656	276	94
1963571004	5000	2280
2831172226	534	162
1184640014	3253	1213
46808996	5000	3511
1905938222	315	230
2202060642	797	435
305501561	3861	500
356634518	554	35
2920589622	57	19
2798979048	324	152
343095829	148	51
3078208799	189	15
312964626	173	110
78170242	1891	472
64267838	279	208
572388577	704	59
207883890	68	17
2911679200	1370	54
448706240	3	0
3189230557	5000	1421
21515818	20	8
3151857912	1382	834
103719930	644	182
1642402514	3351	1828
320478877	569	357
616303472	844	589
241689056	5000	909
19416562	2164	1095
3145845406	656	475
1556984887	1001	418
43345725	449	317
945530322	573	65
215491063	2391	1766
467767056	4502	3457
24810726	372	100
582294741	294	65
3329825789	65	49
2483966217	229	40
2568960285	698	220
397812389	3432	1957
2303267462	1338	615
2859217526	1734	1371
77144908	5000	1158
282269124	182	148
201553765	1801	921
2785390419	4864	930
1244481517	67	54
457995284	1632	802
129940576	5000	3546
2244943075	4239	409
1615817888	328	139
2753891385	2391	2056
34955929	3020	2175
1215098928	874	34
14839147	707	638
2830642691	4960	3692
1046114347	5000	1574
2342293747	93	21
531598198	4975	3900
46491617	1077	235
36420135	457	216
61321567	5000	350
2387540400	557	276
821414353	733	97
16146535	5000	2238
70235285	1780	994
2542139300	583	292
526650706	1831	875
15699819	4228	2791
196292489	5000	3976
259323534	123	56
1182858038	1013	276
403887149	3302	1736
2848382739	138	15
402725136	371	107
3111012179	235	116
2655491030	1566	372
1241691530	2964	2524
3134912853	1384	913
17101183	2316	1893
241769973	406	320
46232942	1645	739
254450921	1244	963
23271347	109	48
2587529058	1228	213
551112681	1996	506
3254663659	4794	2360
3035739602	178	78
173321172	1705	388
272064809	4498	466
3244932869	106	82
224333112	3028	673
324331427	1512	726
778712898	110	19
3111237760	141	83
246774523	5000	2028
3294543707	436	192
3250022354	620	541
18227863	1467	441
1552341818	3296	2484
2560238717	172	39
304185897	471	32
379082219	3813	3026
110023569	4119	897
17180291	2126	450
356858339	2413	269
2171549541	176	107
18852713	255	193
3223618334	163	74
16223976	1055	472
35556048	1665	324
320915056	456	228
349219338	151	43
2158032035	469	404
1528659481	842	140
22801995	3323	2243
160371272	1381	874
236250981	123	85
3255718752	15	14
196097161	276	11
780291397	4017	2336
2780633705	2295	756
64687084	1833	601
3153661079	163	130
380404913	124	68
1065869268	5000	987
3000602296	236	186
1458272461	312	238
3193043938	286	165
392514148	1203	376
3070209746	4982	3744
1974495078	2456	1474
334325106	112	43
400307692	1005	578
242863027	756	218
43962567	734	365
191050844	2573	1680
254237744	1021	749
76148385	253	60
762751633	53	30
304023456	729	43
1102712310	104	25
1913188200	220	102
42910675	5000	3945
65992273	1381	776
90404629	1320	433
41766494	5000	1123
2409709272	565	181
3152225155	183	66
2319025602	398	285
34830116	481	212
2190383267	72	49
2915212368	79	41
57099757	1502	881
3153280458	4850	3047
215697991	644	61
24257249	613	89
13148882	223	88
309334663	1277	579
37820375	2548	1007
2569414490	317	188
55143	168	19
20662651	889	316
986928554	973	793
594337767	1216	944
109360465	841	520
436894497	443	246
1547761836	127	94
544714368	399	5
3241958463	756	504
459532862	359	101
2738311034	474	203
582445927	125	12
91458291	220	108
35206917	1157	370
2933545119	237	168
246842298	5000	2519
264271174	5000	4013
44565886	159	72
2436453084	115	47
415480403	1180	91
2649658651	910	347
98542228	508	175
343042963	4160	2930
24761032	236	82
2975407624	173	33
2303978924	977	212
2967391505	59	17
2579979278	1247	572
2957101507	447	165
43958210	457	295
802659122	5000	4023
42966205	779	372
88302415	953	136
2290793182	102	38
293978620	329	81
24328805	253	125
2790823334	274	167
1088990966	515	203
1612597453	1848	1267
3043893597	9	7
3001327774	307	217
75011877	183	62
2756069819	604	532
151005270	2168	545
52145437	854	466
2153532458	533	157
16071251	992	585
3196630410	4527	1582
27049695	67	34
990372008	563	368
2970135322	773	12
17037382	2681	971
3143085166	470	65
136661815	497	161
552178363	2185	1461
2604671377	482	216
106790430	3834	818
422937089	774	192
588654221	477	230
1049020446	1292	312
621161868	2584	2129
594711386	1860	686
370890022	247	89
2149752998	548	305
3340208885	35	26
21819264	2046	600
2393620658	1254	677
2300803690	10	3
2763500715	779	126
2370874585	5000	484
259332340	898	355
538036220	2124	1057
882315709	1575	1127
122961443	1007	490
211956557	4693	2725
2149562384	84	36
2811814127	5000	1761
36023807	1646	1030
3039108088	707	558
101480081	1353	392
2321152968	110	61
3166163040	830	88
3093535243	526	258
122215691	761	271
1290203400	5000	3913
275988237	1471	1177
495199212	276	112
3041874811	1443	247
23195683	1826	1354
1891202089	122	70
413729388	317	46
3332543943	198	138
438862536	1646	971
303554946	886	26
20657350	97	23
489885788	2535	744
2110771	876	154
35093662	1661	1038
1608967496	51	29
2657394641	145	140
18086787	1488	367
93891664	376	193
49285444	378	241
183399458	5000	4073
2880833756	318	65
2206484977	351	153
2256745548	169	15
142947693	1104	549
863113304	1011	769
179075185	916	233
1328235834	978	465
2479832246	508	114
298060189	3185	1254
539281570	1998	1665
279164084	5000	2517
253356099	1700	952
31896742	798	460
63852037	1488	810
351209897	226	104
2707434466	4444	2357
136458686	436	253
474533802	149	20
409703516	3937	2976
70249254	807	203
1733508668	749	237
122381405	1087	309
3237384536	56	54
15614582	243	30
575688473	603	103
124479036	223	97
3369013761	1	1
426088240	5000	1796
3323578618	194	136
26452283	78	31
3196941831	103	70
60121152	5000	1757
30695606	617	234
2170765645	173	67
3217694460	5000	2215
37762125	77	34
33972296	841	239
222695674	5000	3720
1603766299	295	27
2343711294	382	241
415151129	96	6
3110487671	2421	491
18455693	3888	1942
177584156	5000	1266
3087391632	5000	2718
260608707	262	6
270437243	5000	2139
1883333624	469	56
581500758	1205	755
803058408	2423	1713
1639304155	2565	1833
371397087	55	20
128947880	63	30
3341741285	81	46
29371662	492	314
2874359694	5000	2272
516563463	400	81
28817025	1418	479
241612113	2099	440
1129745845	134	45
34048927	938	702
597449483	4970	3495
25398845	2146	595
1378240352	1920	722
3351115882	1154	859
2967115505	591	3
214042242	358	230
136901718	3198	1323
7435562	1463	1073
25963806	1427	542
2869972938	1269	785
3035800695	117	57
130632861	976	357
3243741217	1669	762
3358485281	1331	808
3266225124	56	31
350490772	1618	162
529556135	1790	666
158920425	895	149
413650758	238	171
825953262	274	18
66030606	656	198
41983621	2770	612
2385873745	16	15
3018809280	497	67
219317380	4121	872
35298128	5000	3225
3089717234	364	263
3248831545	1	1
48240104	3229	870
2937150214	2864	2142
3033470441	172	101
2970485691	136	45
3199390706	671	8
28134331	718	310
1720527314	302	246
3187165597	28	24
280080082	1408	207
3309620663	11	8
1004978347	208	84
1856280157	127	33
16665596	385	265
15974515	2866	1164
284325935	2344	383
32521113	1036	286
266182223	1529	818
34993742	567	164
2745577190	521	213
1573722223	299	74
16248905	727	233
25919161	5000	540
126008063	44	9
2951248177	702	27
59511805	5000	3079
53537850	3517	712
348255536	232	66
18329193	1239	544
239242782	2138	59
189749686	5000	3992
1633773842	75	40
1666246904	2355	843
1285710638	3133	305
742925732	4199	694
922295340	201	48
533285473	337	180
449430615	4961	3768
396999739	154	21
16532762	1878	1353
20466413	3129	1237
271209012	440	277
35525944	167	31
15705283	89	43
26504239	5000	3742
969566850	1703	613
1071058956	799	541
2527758476	2170	1975
2919308995	642	410
2303077585	4924	2569
174332477	718	122
24388490	1009	94
448356919	231	123
33634992	478	5
29072192	380	181
294431458	1355	268
2896958303	3127	327
1367955956	146	1
3112890332	184	164
770885527	3532	2539
117105018	1203	307
116233290	784	237
2376582930	531	375
2889139022	673	238
97612688	94	29
588777762	63	4
3306792231	175	15
20457375	5000	1736
259263671	3800	715
36450346	890	285
173170847	3839	1461
3041943642	346	239
3017893369	294	173
3158372490	18	16
333675022	5000	2129
398286778	340	198
226168436	1267	741
276895252	473	39
351805964	688	141
1309587146	5000	127
750606396	267	81
2595966508	2460	657
521955365	140	23
199879420	439	187
18235613	5000	3581
68071988	1349	166
24192269	2026	656
3352556542	176	116
22842010	741	449
323085742	4481	2498
2900026083	4995	2275
81438841	5000	3808
1613729870	263	57
3103901558	705	52
18111483	5000	3831
237754267	703	392
1137273540	2934	2215
1687003296	3584	2581
2259483181	313	108
2973019067	1060	407
303918175	2757	1709
82774733	217	72
1160802216	68	46
76255864	5000	956
101945848	409	192
1259548171	1292	469
314243234	5000	3308
20641613	378	293
168173342	242	70
417201420	73	35
3343095340	1188	558
552249623	97	21
2762590129	714	246
2411472876	319	146
1616176478	129	76
29893766	330	173
3365382569	78	48
162301746	5000	3291
840498092	196	85
27761892	5000	593
2831074471	16	13
86104643	364	233
822627042	138	14
543608212	58	9
36991251	580	99
52560268	635	217
747289232	2157	1821
49715720	994	465
195785570	5000	180
2351894587	132	92
248678364	2789	1147
261068895	1310	722
3010762010	5000	1637
3254910506	1431	497
3235283990	252	187
388361726	3502	2181
44172057	178	72
82741933	675	329
380145388	195	30
108419139	167	61
504016745	285	54
14940452	655	565
201074900	114	17
2272492262	130	20
2481532026	467	219
456868224	2081	82
722480016	774	373
27665506	5000	3995
1634740566	788	232
2858345604	378	267
1283582233	2642	1681
790546093	803	280
78897887	4991	2734
148860840	233	40
514566407	3313	2367
227339617	1040	300
1383038924	309	104
440639555	1635	653
763879189	160	64
1889854964	5000	3718
72873606	3706	2723
2973727618	81	13
548988026	197	90
15761785	5000	1120
29967957	5000	1113
27852072	308	126
2604628464	40	13
3248746786	4323	47
318073012	2797	2039
256982070	362	200
61314212	335	213
229851681	492	367
3041519156	374	189
2843887546	178	116
1237349845	492	66
176187991	52	21
375278130	1585	562
424531790	677	181
3150327612	574	24
111704438	1791	614
515728731	5000	3880
2339795449	418	67
2572033740	1176	978
