40607954
1601491392
990269509
94523171
272479234
2399958906
1548411846
2834370990
126652559
3345942753
2743380299
1045630908
3298840127
1407822289
48100655
2892954268
955698157
19432346
2771704583
383990793
2391370394
25678502
2188828022
878546018
113092693
47104135
2178564559
15066876
1870184766
2329041289
3264475885
1910770484
229158981
23195603
1724303324
488715970
253742998
87878811
35759628
2813365387
235791649
2233135202
62697366
141121573
1902111738
3110905846
2798798158
32765764
15519174
285097277
778712898
710757859
2692397982
1395074425
2347855458
1650388410
17022638
25644429
2916949294
18665002
29941615
1174456664
2991368880
374572659
35525976
57041662
453561436
2449650492
2932155582
388532818
933595302
2517983482
246774523
244804238
946265065
144500227
2250167449
2878829060
904176902
2319773719
14803951
67151580
204355964
1656884071
2792946075
1916081982
311654967
623033353
89090775
252309149
254405503
3178740996
3071188687
2381198785
2560238717
233150076
404923541
728746483
1279365926
12897402
2834414549
376370548
355655086
19987328
1361202602
28043760
928456406
2915583070
2733656017
2236166862
80351619
88296327
332390008
135627420
22784691
3113214477
177280097
1938597084
20627081
24546672
87506526
1050455592
480018197
1716904873
16487286
56838981
2485769186
57461026
3335138362
163785600
1210753874
789569244
48124610
38459796
567529077
134971190
210320751
2737892870
923641921
1172143405
2738371508
1088909654
601361069
1448986688
770658414
2172704688
67958783
7846072
93246877
289107079
33814911
2924408093
22067872
181813506
14659577
156669366
115883210
937704163
1370051250
2811455407
559530797
15170286
38031897
2165411305
69190453
560452828
274136152
28913772
437106458
18512848
777454808
318667006
1671813086
2206484977
113437689
1548835656
1949713398
128633483
92728914
938528232
103747812
38445467
52432921
336867747
1670645592
3027683998
16185232
61105042
573912263
3245384441
189028749
21909984
29875818
362576854
2586175196
29584150
162959947
551509847
757634750
1566855433
2766921938
44235624
1674558818
2306660054
65142014
94642746
1650800029
429260925
330184418
446690057
1097027300
1874616600
32313617
323385721
1659062558
292976071
168286179
2943710345
3267639163
530963739
2814073651
116642061
1286987072
909106970
26071396
27112635
2886941025
1450205844
33346915
547904199
537168634
1068480204
2485800912
590173575
540660963
2194722258
56408045
946406934
498700046
1549127594
1494592956
16717148
582592612
29757178
213620244
3240897141
193192630
3057295002
203650771
3102023268
30559248
305729040
1668786650
2565762389
307409976
3338164798
304525409
1370900198
1210688401
260277195
43251355
52242864
3188005545
87862480
95064543
2159643042
196531533
51716011
95697038
2670742214
3254964078
25769369
43962567
3160361312
1400503214
811683181
2284040778
748477502
488911358
39106123
344831740
509769573
1528659481
302335399
25669608
19597938
132049786
23135963
30486400
143795236
3312275805
333934967
229670513
48599448
3195957620
133402768
536563145
2490529512
386815752
546009548
30967930
49671976
212293372
297943941
288961609
289912507
3217290237
316511429
3000162348
1555010288
704306828
893412883
376387781
535803197
2794221156
2971467125
305567341
337194357
50717228
1566785113
3188611670
24413950
93814009
2303978924
28321654
2411506334
1363083624
2811624648
19268859
3024312490
176657599
3266682781
258831900
206972203
370422480
2784392406
1513958744
934438520
102415827
2260439108
3081420210
3119839568
483405140
1506087619
546934384
734560633
172098657
495602226
2519949263
516573984
2700834277
347927563
287084075
2519041406
380721869
468379383
391201809
2195493073
262238760
26611860
19038210
3083012555
3241576740
312480764
368623629
431773157
574136126
37129155
2931942752
1636125805
19728844
408299234
426999530
2935492656
2321093156
2915212368
171152361
2480435185
38054768
467767056
2385515678
113907168
2828311359
2725694319
370540029
134446334
37591959
996156068
2794490467
1292620070
517997193
310100825
373364557
28152598
3236255964
36005781
2933545119
1635259598
245115093
3063840061
57596515
511231057
18448384
2918621564
1675930123
172081908
65254420
2851340937
16134203
40684243
87957969
284677404
264262161
2863774500
565663485
1335392197
24828490
1102712310
2956259109
43100087
358730722
480632431
1901332344
734859698
603741920
205367013
2973253416
2409709272
364324850
323896529
387194480
963507068
530808482
217298076
1636106844
503415447
178985300
25030651
309298423
2904695183
3064348854
91158484
520344647
379385416
30043610
550273827
986928554
2806775116
230020913
3257810966
20487541
1891615903
142592735
243801539
175499065
1081973952
192614602
93194555
471333409
185991141
2193063256
74747116
3225095235
19519035
400043405
27528481
273641006
284325935
3243175638
2377530392
1508087564
3142839960
16554942
1547761836
2362104414
1005383936
274335684
325045679
75109799
171685797
21415068
256209052
16187025
384005220
564060759
1675284572
439245840
355470606
2603857171
287016103
187547165
324119016
115852160
537319315
248454003
710686688
525954482
56350690
2942346460
3000911754
331313453
2987979504
2933804643
560198159
803794298
42245932
23885775
16077441
1358107219
420572254
19802846
2275254024
3048509299
313121798
1093199732
22730618
3245355291
213391346
2972740510
2873316438
2860936247
1403424721
394987093
856463456
29054598
88875512
920161381
2359848745
387485416
2443269734
52436759
32138442
15577097
460422982
921437132
24572630
370324628
57263670
27944341
50243741
3141654004
2436947964
1374764281
2970330011
1099255296
510823412
33336675
22933688
156209575
20788327
121535535
2483908675
2421964502
580164192
45600257
20812098
412558070
105272389
62617728
3348910433
252270001
26218305
487933376
411485640
27587178
607630997
1250393527
3344883958
553480874
92643660
2786939868
294801275
593296499
24645354
565501978
2762288549
1426676066
3255039704
545947659
512627900
3210553487
2857253438
3181603264
2582752596
504016745
48762009
3308732037
1430129144
232865000
150728090
1295672767
2402434332
54032913
468798935
305506218
89547441
45454970
220826934
2547170155
395381456
124735878
1720527314
178332153
117454986
2720677413
828155418
24294066
161272503
740874799
91562723
245462185
286910376
1438949354
3152299939
449603053
49216749
15335491
2993036154
2516013102
1222740728
33831682
103000520
713564221
3142593119
1125492462
711602922
1045239187
26350601
164481340
69980982
3201486555
621983823
117989854
2759480186
969012494
522110370
354440308
54959820
846649044
2811712112
2845021300
2790823334
39314178
25437536
471145656
593986993
1777557487
132286315
129960904
2262555338
862312878
3248242181
20416773
397860713
26313306
347500057
38308265
841704092
32522999
285968258
63291287
296761476
426804233
3224829778
2991043915
305440110
2788880730
3001327774
898976443
588441390
230899742
1531791140
19215129
576796855
2553149010
345140069
25564023
2788150925
16570951
2250493751
34055339
61266376
74672763
1118034906
23953082
3152384252
254744099
288981065
2990094652
1978031743
144041038
2369596231
44481898
408752680
382153540
2952468264
1208304842
1057244852
1417728643
14671904
1270528207
24172701
14745550
2883615951
53905837
0
14970812
131118806
1694600448
366843188
27049695
2320163833
32282837
741858643
2230671487
212463932
141054864
311856115
3251123730
251494353
2471760021
81582751
42479153
1220386050
23807763
313731146
2744370787
865780110
2323631724
952682149
3107967905
233257967
292586465
252728214
1639395961
3038116383
3119003742
41581659
255067647
2565936404
118754041
951008132
77258620
220837902
38104249
1499885311
43405249
60702622
874834874
2251286285
1332005876
1349093048
28424279
849122588
17338837
3169035458
14314844
2951585327
3307173220
840421620
495413443
373125198
329959864
2464554372
3214786827
2933932956
3292215519
56798817
33014006
263391759
349222101
2595010674
28332149
1683366356
2820596893
517239908
328457935
2303590597
2387540400
2296750843
423967218
22833654
2414706632
546258169
820137715
432048547
3354392603
79541275
972496296
17044839
24239999
2204027450
38900178
1027438579
1375437380
2571878965
489063004
1630668877
2590389722
414161049
209762884
330759494
366234958
144918041
713365316
2739638030
263977418
2412448794
77013143
1112609240
2893372832
52658734
144570961
341122817
247108641
2970468605
31188140
25527925
2869158160
3056142064
2830642691
63195884
555690810
493817448
380221841
224333112
1361824520
848518471
1099655371
405437713
20077515
229588028
1283021432
274816731
2582800071
2602052260
14250106
250115148
1564167697
318035237
467681653
74662993
382151611
115090735
1612597453
471472958
299453646
2523704228
437726498
2985359568
15800697
1147734344
1511351714
481610990
245580162
193573825
2160131833
359301644
101945848
33214161
49104549
1694408894
142137035
1507070148
17115086
3358621409
47179510
170310148
2295460021
1511205571
986101944
21410672
3000593912
246798976
30876286
228147604
525714627
569175899
1592530752
2485098619
1037787463
3243962811
299764235
540930006
21324543
235321021
258631265
1104959191
2991772466
2753473175
264595508
2208412405
253299193
142142545
3220984207
311595658
1014842906
228505560
2931714486
388579974
75845845
556261687
20814919
3169087759
1708964144
2380284987
1318840760
124088515
29888040
14839662
3244012093
875902951
3071440342
1552341818
25817664
1313442830
472722481
172194341
484808445
846466327
154183934
122567822
3134097521
119182046
2685871154
305134790
3341741285
37990581
280073623
387472346
247615853
137140274
3345800758
1242194030
429341725
2410786244
890240018
21691269
3179610596
252599372
724658586
3153527292
607325551
951010796
2802124516
20994303
1340063743
49797407
3039108088
2340798020
3253109460
282269124
48263154
129235890
158111087
308212534
23933255
319945811
884893716
2173032090
212319151
2543708726
900604650
3161153266
3187116042
194619305
1275150516
3070481688
25552501
20776147
30042350
22589460
289666976
1968144578
2708308693
3309419164
843683052
1244481517
549863131
87693992
245909009
598018682
1706347562
1290203400
102665109
37766774
2563726591
162967620
3062055361
495199212
1710743832
79894834
444284249
46623658
361375950
570472249
2578857973
415304375
25794695
3326271358
20475362
18774342
20587072
991346778
2933840119
143311631
2176958272
3133025402
296902102
29134922
918502830
15974515
1438951572
198494857
1170778068
985410115
1650278431
977434538
16989970
310295474
487112770
231683938
3182576161
70247351
2922002179
463054608
3354224537
26958961
73621473
15907183
870988388
384341065
1470608390
33760345
3248100462
90359845
2714514184
137455850
44099200
3103717477
2849580572
27198742
32673835
16180559
146712559
3270387492
540849868
27304198
461072129
2903733490
303665229
167282831
18205761
2744430555
913515602
69237755
550423777
1043713747
158163008
75403792
1871604686
572784902
3000884566
19799489
711796142
28707625
3111889034
2651100063
131555214
2903194852
121656624
149283816
1169337758
3260191711
462114432
187351126
303554946
205314540
1675067046
2983263480
173789958
2323947968
136901718
17283062
2388403569
45302861
3098137655
501234848
84599864
183753455
81127761
2316983790
848084893
348509295
1914506792
131530690
2284850010
484514913
3207939867
311740717
429523010
113081744
107168854
809503508
158033670
423670056
718982780
245308991
242863027
846447662
2821082002
21109485
2650787508
66931709
248522239
18086787
3158661520
93891664
574670873
32200853
14664785
238717022
17362917
125736913
2686561322
2353473133
828066757
494609110
526650706
461931762
17237178
1167357150
2167674121
373226298
610795492
2889484097
24756264
54938472
3294749086
23265506
3148618465
538785862
3311276608
18231666
3361503233
127374813
38723680
120234291
404527642
3231010562
3026078916
76924385
2482232082
249782044
31489591
435464834
2868906035
926991108
263748985
987715628
1703926747
377775232
2363509219
2333881903
2192174179
35814494
157373298
112604113
105030888
292671486
2269197391
2842797465
135586989
171561479
106211842
59546271
78170242
123791065
1399721636
1129762164
56749735
454330756
370253741
2756873076
20852423
45335538
2804688560
117511000
373505326
16607017
112628901
151284118
395484842
171548178
144317147
2516876754
2584178036
477889371
18258975
236728688
3187453725
16007872
3128121228
198004487
28339731
269618359
423022414
20415005
1891556472
134228450
530872862
3253139498
2728030319
17437437
944224682
1591456602
64813290
1683575401
296285008
88861467
136458686
3033001737
22258499
474533802
80473558
3318314009
27532984
2969884610
1831031478
51175773
438029624
47545018
3368792476
3242788349
147290864
24192269
16349648
299776432
632470518
375549185
984614636
1733508668
2474024125
718904023
319931473
1574070996
104048643
899135509
41987063
2707065429
802890950
3237384536
54682894
329016412
3343771132
981858932
25744258
275648732
56396769
839241362
109071016
15278752
3330251014
554641119
1049681827
2279617531
891606402
17732518
2499345348
2904178633
1534688612
20756583
493186164
178102854
126826923
3066582305
738696752
3268759716
118915743
2834166882
14137559
24823987
887193084
938272970
1163770970
3099491228
2375662682
49633388
14479480
2675442426
192014466
390518157
26254697
1264371828
30724156
17674757
1099962955
774926515
140480683
3304420079
762534008
80904174
3163628732
3323578618
1552520972
1735264291
3364105379
2977573522
1496545255
259956008
1053036164
566898139
2746845258
3306173819
97254875
68599588
1366273350
2989219299
31631820
2518201555
636611445
481713367
614730516
2429053827
26517251
794401550
3146112395
1952528058
575579414
2764409537
37762125
1323411324
348812932
937484864
27593757
602449513
704219604
17067404
84706649
289089975
319991608
25963806
3266810329
32419017
282828453
27203795
14959367
106348183
292370994
222695674
274582904
1255179128
1072596854
337891434
2204266981
12626962
3362819183
15995683
2378184751
809069024
949555026
168819220
34399693
363214023
519728191
76009410
240844856
3308568165
480859386
588097287
822476942
279223008
2759766645
886400342
3220693453
2572033740
2151699396
2834570816
18277208
3342381723
2987684469
311521075
111631919
2715213326
2364629671
478242108
52728606
1455683906
154405568
72183405
22686311
119247289
332003842
356026306
22108814
1239062041
422764873
803085008
3258396847
17934423
853150752
2970135322
173725035
1475383028
3271904619
1629242024
45661957
1161032318
448888098
3346311185
2583797636
239281295
20270883
56906548
115729308
203351820
70359139
3315650567
1682038578
3007482001
36864149
1577662128
125896734
550470652
3022193149
82915010
593990249
976530702
74513551
1099214587
417562267
54159671
456636692
2366465875
2841993261
426625018
3004439539
3346766793
23795703
2566078809
27598939
253860949
3184650450
3251305226
1428039019
1100327552
384316868
26452283
741501228
3237187123
38057219
3262822988
20912252
3292562037
391430036
420013806
1168614020
838627057
794276665
49360369
184939350
535681746
595997188
1550522623
2190383267
409379431
34997182
3069601323
1283500518
364691947
3105073274
33051120
127296243
72454254
41789292
2586164682
952847162
3028055777
938073644
728959290
146992589
1512066462
300182014
1145546574
35627887
61059961
707140640
951063234
25398845
3107839339
142642716
226479824
1242410526
931286316
196479615
380274414
2971403851
20688492
3345128776
3353633032
2970486053
28246428
3076256505
2447898228
474447301
603073691
61805591
815977938
214042242
2564535115
805335157
355258993
44245603
159605210
329137978
3087709502
3158995731
3243259442
2354308160
3081503914
2943508337
231541352
2438840592
762583238
17791954
3252304130
2766766785
12814702
45861294
3267764497
705810306
1686369542
574311668
924604970
1538792221
22972142
3266889440
1110629412
357625948
1442872940
416009248
22720990
19955349
27320992
1657033226
7790622
16485255
2785842351
1288966135
1275194059
260527870
15726358
2473562064
1296325968
365286256
445412046
29553855
220304072
798914238
140989303
2658420401
294991606
1119574238
807313422
3279650217
1616820708
19817101
617669968
3000093281
3352331979
1955918744
174111162
1173394580
179075185
611937922
1024124754
213800459
2858345604
18204607
78776348
2258147472
80605638
155967817
385503897
43345725
41993876
58539856
816840528
30421467
21048939
39857486
2782373709
1471615951
397511255
569581021
2203656907
108155579
295092700
3315006868
2798120162
248858868
2735705952
822444836
2821140798
14394248
2149752998
35046000
2945993432
234650609
239964758
2524274756
1952273347
24487817
27371671
28027698
356405100
537551503
98495253
1025491062
3122409107
1390872433
487984707
1069761618
14133418
563613307
2559582960
1528718839
18914244
3091521770
606727141
2455822425
551176355
187958175
3095274289
2594824381
22019443
451938018
902589602
53156275
167489997
16047377
178863237
2997750360
2410623764
513787993
2738526278
712746949
1428473052
430851439
67873734
17167572
833692508
36024535
298738919
106810725
753498337
1105693836
3268258818
42269798
564068690
253813547
3272381252
258916333
426967017
349702331
253791853
3303501297
227089517
370407497
520605382
28059115
341179470
1904772828
179398887
3053054433
1230007218
23058035
45326172
107284130
1309271143
57388123
7242402
614867166
564890144
3331584491
378815402
972676584
195699945
886193449
5254851
1170236772
594221885
470528439
3087391632
1523084330
37813045
78882537
903122724
233933230
3134912853
1111294736
202491278
814121478
77602579
536803217
2710813772
1559437922
234660291
262052102
1441743247
1357315292
14828250
265530743
223813995
2924837358
2155965720
954124423
3255842786
20165785
333096539
1858875583
1414240405
875198178
28387976
19694480
2551981338
18820311
290336510
2456514644
9739202
33856647
2274042164
2452462418
2701764742
145740792
33437088
48009323
497964337
2970133133
462683900
2277834518
107801651
1093161157
430205622
1396092896
446515593
756049831
2387639999
288451785
596749764
256295544
621721365
15738612
16665596
13738192
55650895
2934103794
59058094
30980826
2562513816
28212338
154497395
239617607
3267461462
3253195579
3039721373
328433617
2657394641
76514412
3041759534
2882815516
93107131
51534880
28685202
139682816
426091279
565990533
271582357
3346946283
42520161
389669612
1737013177
543787955
587754021
1299305076
969863028
958800630
1071058956
2335712275
3330290146
544927839
2196884166
42106370
3260830099
85758791
2502484436
1605668706
3234053946
386047805
162406336
292684762
2762876709
990342288
1653842720
37792953
1393600633
1938077630
16027532
883367492
1895992122
3043915019
1734086719
276448675
63433488
41911874
3164925309
343529731
541329511
572956335
781353956
226521605
3131055880
20004501
19363152
1979318335
197518793
248408004
45849604
2373807873
23636341
241140071
747534378
405418036
295953728
110756470
2417189972
100789993
976570982
2966783441
185360779
3045188288
442194176
2427549086
904810734
3185235143
391599105
281310593
3303389147
2908458650
381093957
2894492515
3015895638
770521927
311622816
460516990
121521978
2229265825
21395960
20657350
1107454231
310309420
59889375
586051463
3242880618
457997085
3016074373
3126680683
2894032402
43489755
3342026337
2190483199
271146912
9384712
416040278
2214897295
3102422154
2177337757
64722891
50194631
50633083
417201420
548222132
715044396
3053753441
1009689475
1000849548
25697311
3097044714
266686959
481801051
302353072
1949759941
20275809
3224696714
2449913803
2849377274
969566850
37293223
887569722
1556984887
1871547854
794810444
117010608
480492819
2174118859
3171644885
18037344
3060277294
3170681876
933647382
517084598
130271069
3163317251
247502019
25429361
3266119904
330472602
846184748
849769500
28976344
2485528477
3240304124
2683134085
232788678
2259688530
263897316
2609463888
2899816762
712383758
178095617
2903479080
863889445
557078282
548246959
2267016139
320146757
1877566596
126523005
3121592238
3165612010
1963571004
331994993
31480713
74923909
132722588
979402231
37979031
203333954
542156090
360001485
192099347
2970593542
125036205
92468768
220521204
403907893
567649661
100306237
2180563412
225196660
50885144
59380474
357901696
555892450
993585120
465268864
24176655
985567560
864558457
20295082
1117114844
1219714032
2730053550
117105018
399395577
790693135
493759293
510813253
1245066085
109052943
2429648227
2205269861
18028698
609244293
22303562
2375945442
96666026
3346219157
140265010
258551101
1120979353
28737338
82881276
2831997741
167887227
2608084976
1977419539
2924173747
2901941750
180786728
625857378
2872454995
3257153431
15020730
126410996
37794539
548626907
954148879
407839506
3321488885
448510528
47520535
288919245
47096351
2361911206
103707227
48663757
406705341
950784150
2855795572
215446879
1346952402
23846387
2412708224
361639486
345714748
607886013
1535720599
2753117904
593118823
2767997646
185354384
1202310276
2534342832
369249722
49875978
404919473
2663115926
2194928326
466773232
20306034
350747623
223185716
3038719164
1618797350
54454385
2931883207
1715841900
769171752
14810811
1900908690
1551803456
3112095424
350047207
153726491
609444482
3362824845
160987570
84408506
2911129285
96825691
2835888253
3304265169
747723973
310483874
47348085
281294184
251905304
298821330
316649790
2789451130
2772418567
3257222090
2810237143
899038374
1447960080
3299793525
1397684953
244336768
721325751
246362853
2714736302
1398717673
2904569183
3274932152
14303077
1374664320
28802658
65533495
2860589726
495072523
108683893
162114552
74968200
2953952180
3252886586
14181258
36207113
3052054201
1833167173
3201685978
2312309148
2817246450
374289688
20457375
44174813
358852183
69899423
596857608
2383867424
1476111248
36450346
921983294
26146954
345752316
3119138842
51794810
3363611549
197918942
40756848
937254745
1302428840
18014373
270610643
3191431412
116826365
506834929
59320978
275845347
577309341
192063194
314243234
20913524
1855651098
2154273384
1541891113
2549540509
118991546
332936866
161615525
89561713
919886574
2435948240
609485539
1697810262
1701231847
105498404
68956490
61567598
626067666
75946288
19786336
3164632718
3256080464
19142551
2772622527
2950081504
271126094
291839469
338782661
840424010
2586776035
28644910
1149353412
590180745
2176428032
2391870344
2346722716
116233290
182347444
267085354
547166559
275714700
336721797
2523642614
177846348
2614101470
3320355142
766594368
872664656
474202929
41479697
1662566360
103714951
95930466
159302754
2718241163
534489724
60935743
305851676
3254663659
2831172226
1184640014
46808996
3018809280
1905938222
2202060642
305501561
356634518
2920589622
2798979048
343095829
3078208799
312964626
35206917
64267838
572388577
207883890
2911679200
448706240
3189230557
21515818
3151857912
103719930
1642402514
320478877
616303472
241689056
19416562
3145845406
2321152968
3266225124
945530322
215491063
3017893369
24810726
582294741
3329825789
2483966217
2568960285
397812389
2303267462
2859217526
77144908
1639304155
201553765
2785390419
23775246
457995284
129940576
2244943075
1615817888
2753891385
34955929
1215098928
14839147
2970485691
1046114347
2342293747
531598198
46491617
36420135
61321567
15705283
821414353
16146535
70235285
2542139300
1309587146
15699819
196292489
259323534
1182858038
403887149
2848382739
402725136
3111012179
2655491030
1241691530
3254910506
17101183
241769973
46232942
254450921
160371272
23271347
2587529058
551112681
212853504
3035739602
173321172
272064809
3244932869
448111957
324331427
46870227
3111237760
635404938
3294543707
3250022354
18227863
2869086157
344918904
304185897
379082219
110023569
17180291
356858339
2171549541
3223618334
16223976
35556048
349219338
2158032035
1489300873
22801995
26308591
236250981
3255718752
780291397
2780633705
3153661079
380404913
552249623
3000602296
1458272461
3193043938
392514148
3070209746
1974495078
334325106
400307692
25299952
3107567597
191050844
254237744
76148385
762751633
304023456
457123526
1913188200
42910675
65992273
90404629
41766494
515728731
3152225155
2319025602
34830116
2272492262
2518574096
57099757
3153280458
215697991
24257249
13148882
309334663
37820375
2569414490
55143
20662651
2958943328
594337767
109360465
436894497
2636759396
544714368
3241958463
459532862
2738311034
582445927
280080082
335915054
246842298
264271174
44565886
2436453084
415480403
2649658651
98542228
343042963
24761032
2975407624
2737178169
2967391505
2579979278
2957101507
43958210
802659122
42966205
88302415
2290793182
293978620
24328805
54253578
253356099
1088990966
18852713
3043893597
2402757463
75011877
2756069819
151005270
52145437
2153532458
16071251
3196630410
2470409048
990372008
318357602
17037382
3143085166
136661815
552178363
2604671377
106790430
422937089
588654221
1049020446
621161868
594711386
370890022
863113304
3340208885
21819264
2393620658
2300803690
2763500715
2370874585
259332340
538036220
882315709
122961443
211956557
2149562384
2811814127
36023807
3164117968
101480081
3166163040
3093535243
122215691
42795468
275988237
1269478950
3041874811
14940452
23195683
1891202089
413729388
438862536
248343821
489885788
2110771
35093662
1608967496
3197653344
584664650
379482411
49285444
183399458
2880833756
3265629367
2256745548
142947693
19652417
2388340026
1328235834
2479832246
298060189
539281570
279164084
211332420
31896742
63852037
351209897
2707434466
2424692306
24688850
409703516
70249254
3273319902
122381405
16579411
15614582
575688473
124479036
426088240
554060122
3196941831
60121152
30695606
2170765645
3217694460
26344790
33972296
128947880
1603766299
2343711294
415151129
3110487671
18455693
177584156
2216532829
260608707
270437243
1883333624
581500758
803058408
371397087
2213930756
1870464230
29371662
2874359694
516563463
28817025
241612113
1129745845
34048927
597449483
41595110
1378240352
3351115882
2967115505
1478389008
3033470441
7435562
2869972938
3035800695
130632861
3243741217
3358485281
350490772
529556135
158920425
413650758
825953262
66030606
41983621
2385873745
473920162
219317380
35298128
3089717234
3248831545
48240104
2937150214
129594352
3199390706
28134331
1716228649
3187165597
3309620663
1004978347
1856280157
3041136213
337309414
68126410
32521113
266182223
34993742
2745577190
1573722223
3166924179
16248905
25919161
126008063
2951248177
59511805
53537850
348255536
18329193
239242782
189749686
1633773842
1666246904
1285710638
742925732
922295340
533285473
449430615
396999739
16532762
20466413
271209012
35525944
26504239
1017189240
898233312
2527758476
2919308995
2303077585
174332477
24388490
15761785
33634992
29072192
294431458
2896958303
29967957
3112890332
770885527
171695328
2376582930
2889139022
97612688
588777762
3306792231
3343095340
259263671
410752414
173170847
3041943642
3363447497
3158372490
333675022
398286778
226168436
276895252
351805964
2554476104
750606396
2595966508
521955365
199879420
18235613
68071988
191501593
3352556542
22842010
323085742
2900026083
81438841
1613729870
3103901558
18111483
237754267
1137273540
1687003296
2259483181
2973019067
303918175
82774733
1160802216
76255864
162301746
345716798
1259548171
320915056
20641613
168173342
196097161
64687084
1065869268
2762590129
2411472876
1616176478
29893766
3365382569
1260736442
840498092
27761892
2831074471
86104643
822627042
543608212
36991251
52560268
747289232
49715720
195785570
2351894587
248678364
424531790
3010762010
3332543943
3235283990
388361726
44172057
82741933
380145388
108419139
621996473
3369013761
201074900
2481532026
456868224
722480016
27665506
1634740566
91458291
1283582233
790546093
78897887
148860840
514566407
227339617
1383038924
440639555
763879189
1889854964
72873606
2973727618
548988026
448356919
1367955956
27852072
2604628464
3248746786
318073012
256982070
61314212
2339795449
229851681
3041519156
2843887546
1237349845
176187991
375278130
261068895
3150327612
111704438
2160658435