101	588385636681322497	388579974
102	588386306532777985	16027532
103	588386774797324289	0
104	588391388619890688	1219714032
105	588392604800278528	822627042
106	588393903822372864	380274414
107	588394109808717824	0
108	588401493432119296	0
109	588402323078172672	45849604
110	588404846480515073	2892954268
111	588411382325886976	0
112	588426575483432962	710757859
113	588434623228706816	185354384
114	588435520264523776	249782044
115	588441747333652482	27761892
116	588450499629834240	864558457
117	588450882456453120	2229265825
118	588453395398287362	575579414
119	588466744869531648	0
120	588479834445193216	0
121	588486414314172416	448888098
122	588492191523188736	17362917
123	588506497828655104	230020913
124	588509543509790721	162406336
125	588515945666240515	14133418
126	588519327290142721	467681653
127	588532008713854977	231541352
128	588532268014112768	0
129	588535895596224512	3007482001
130	588537400378273792	1470608390
131	588538696258826240	569581021
132	588548353182420993	569581021
133	588570506657275905	2718241163
134	588581233740812288	0
135	588595888580272130	1551803456
136	588596464751747072	2410786244
137	588631170721550336	281294184
138	588660923818119168	0
139	588670702863147008	380721869
140	588673926680727552	3027683998
141	588678441249050624	238717022
142	588680344443949057	2456514644
143	588698080012148736	3148618465
144	588705428835422210	19728844
145	588713429210271745	341179470
146	588717513615224835	0
147	588723551110307840	0
148	588724479569874944	2385515678
149	588735809873928192	23885775
150	588759657042214912	3103717477
151	592545799113945088	36005781
152	592550315548782593	0
153	592573245842403328	1137273540
154	592585625553018880	2354308160
155	592587052983681024	849122588
156	592589103251726337	29757178
157	592600179892723713	1716904873
158	592609434209284096	1357315292
159	592642858907078656	14745550
160	592644794968604673	17362917
161	592645700032139264	2391370394
162	592646578889953280	516573984
163	592646753322598401	0
164	592663440491184128	143795236
165	592668793979174913	0
166	592673183561609216	3093535243
167	592689049321758721	1635259598
168	592698985510473730	3160361312
169	592713228049915905	0
170	592713655772422145	2967391505
171	592718926141874177	536563145
172	592719471380459520	1374764281
173	592719861555552257	2230671487
174	592725998145302528	0
175	592729957396258816	0
176	592740319466237954	3201486555
177	592764079086903297	0
178	592773254399524865	2970468605
179	592800480578928640	516563463
180	592825290868584449	538785862
181	592826807608602624	2346722716
182	592842984674238465	2811814127
183	592846653897441281	0
184	592848362942144512	457995284
185	592849159792762880	0
186	592852871345008641	2848382739
187	592857977541042176	0
188	592863849285550080	1099214587
189	592878699327926273	601361069
190	592882047661776898	2655491030
191	592889682347872258	3126680683
192	592893757537841153	0
193	592898018120232960	593118823
194	592914591899856896	886400342
195	592928753979887616	0
196	592932043689951232	891606402
197	592932253212237825	891606402
198	592938824440877056	833692508
199	592940859118657536	569581021
200	592946405184032769	36005781
201	592967106943148032	0
202	592968169137909761	0
203	592971084015763456	36023807
204	592976629841833984	17362917
205	593006757753978883	2566078809
206	593010438608138240	972676584
207	593021898801348608	1979318335
208	593025890675601409	3166163040
209	593026211070152704	607630997
210	593048933330456576	0
211	593052179407228928	513787993
212	593060301232279552	318357602
213	593066167104839680	2388403569
214	593067623648210944	0
215	593082258560528385	1147734344
216	593083730568224768	28059115
217	593089119259090944	196531533
218	593096169196228608	0
219	593096871385501696	0
220	593098725054095360	384316868
221	593113642826072065	60121152
222	593116187094953984	1489300873
223	593119236580462592	0
224	593120368291905536	0
225	593139686870093824	239617607
226	593144056173072384	384316868
227	593156203926007808	2970330011
228	593164793181274113	0
229	593172605743472640	34997182
230	593175825878523904	587754021
231	593176167290658817	1107454231
232	593185248646692865	522110370
233	593188061804142592	328433617
234	593188787078979584	0
235	593192277276762112	0
236	593194430368186368	582445927
237	593201047272890369	2196884166
238	593207590290628608	67151580
239	593225877141360640	26146954
240	593242113548095489	0
241	593254123568439296	0
242	593265651336122368	0
243	593268443903832064	0
244	593278186206691329	253791853
245	593282774913708032	274335684
246	593283621022203904	274335684
247	593287755171536896	274335684
248	593296863740067840	0
249	593299340346728448	2762590129
250	593325489961508865	856463456
251	593332018823434241	3201685978
252	593335769856507904	2989219299
253	593342483842605056	253791853
254	593354889268469761	36005781
255	593377266253467648	0
256	593383631713767424	840424010
257	593383741931655168	0
258	593388034999119872	247502019
259	593396434008834048	287084075
260	593399236055695360	48762009
261	593400524894031872	332936866
262	593401268061786112	0
263	593401336214986752	3169087759
264	593402370048032768	2436947964
265	593417197764108288	0
266	593431843766140928	305134790
267	593435911267831808	44245603
268	593440926413893632	722480016
269	593445779827662849	0
270	593456661454553088	33346915
271	593456742270410752	33346915
272	593460075525775360	756049831
273	593463022380789760	473920162
274	593471530291572736	361639486
275	593476523883106304	2969884610
276	593480441094656000	0
277	593481961160704002	289912507
278	593492157127864320	68071988
279	614110285641723905	893412883
280	614111024422125568	3340208885
281	614116750292942848	198494857
282	614122170231357444	0
283	614146255833403392	0
284	614148863511908352	3345800758
285	614150013074186242	2363509219
286	614153593818447872	2387540400
287	614155670019964928	36005781
288	614166793574158336	0
289	614169555418673152	377775232
290	614181946298658816	0
291	614190867541282818	1215098928
292	614195815784054784	2269197391
293	614201849478955008	3071188687
294	614204063123554304	107284130
295	614217058126045184	0
296	614221737174110209	14959367
297	614227593064226816	710686688
298	614231705214283776	2966783441
299	614238324224589824	2195493073
300	614281504106000388	0
301	614282315481677824	2452462418
302	614284607463235588	76255864
303	614298094641901568	0
304	614298725578465280	1119574238
305	614299246515257344	1119574238
306	614301589310996480	67151580
307	614306068085116929	18329193
308	614317058545844224	294801275
309	614326281216335872	0
310	614364596846133253	2192174179
311	614376470459367424	35627887
312	614379743018938369	1541891113
313	614394398890135552	2155965720
314	614405278260441088	2151699396
315	614437945769107457	22686311
316	614438772885729280	17067404
317	614439120140681221	32138442
318	614440876669059072	37979031
319	614443906843803648	0
320	614448573682438144	0
321	614451606646452225	3121592238
322	614452782158909440	0
323	614453261958029313	0
324	614454906007777280	422937089
325	614459944360751104	2966783441
326	614466607327285248	0
327	614466893802524672	284677404
328	614469100358627328	36005781
329	614471199557578752	373364557
330	614472498139131904	584664650
331	614472790414995456	2767997646
332	614480391089602561	284677404
333	614488406668673024	0
334	614488927131426816	0
335	614489534689083392	0
336	614492758087069696	2966783441
337	614500261558657024	310100825
338	614503050510778368	311595658
339	614506413243502593	223813995
340	614508369295052800	2485098619
341	614509955178041344	2259483181
342	614512291954999296	14970812
343	614514383583096832	2155965720
344	614516346496413697	2485098619
345	614518747315843072	0
346	614520720509505536	94523171
347	614521151818235904	2485098619
348	614522836745523200	2730053550
349	614526098068508672	2894492515
350	614529088301219841	0
351	614530893592440832	181813506
352	614535542508617729	2746845258
353	614539152818728961	0
354	614540481100300288	2894492515
355	614540731705786368	495413443
356	614540924341751808	2894492515
357	614548196333780992	2894492515
358	614561468751679488	2911679200
359	614570178395901952	15335491
360	614571549459247104	65142014
361	614575126886092800	1653842720
362	614587602977562624	263391759
363	614600562269638656	2990094652
364	614602549828657152	1458272461
365	614625140517646336	3165612010
366	614667562035490816	156209575
367	614684296926748672	530963739
368	614693638354829313	3255039704
369	614695131023720448	0
370	614697090707537920	405418036
371	614735956663365632	569581021
372	614738893854932992	822444836
373	614743755455901696	1288966135
374	614751572040388609	2970486053
375	614757471572332544	261068895
376	614761513363091456	377775232
377	614781144316248064	0
378	614788293088014336	3081503914
379	614789994029387776	1724303324
380	614791492264013825	130632861
381	614794387592216577	384341065
382	614795170131763200	0
383	614795939421642752	1900908690
384	614834380113113088	42795468
385	614835952427466752	0
386	614840453414793216	2424692306
387	614853151246528512	0
388	614853438795550720	1891615903
389	614859301224583168	22686311
390	614863301089075200	158920425
391	614867316916944897	535803197
392	614878080352436224	0
393	614879485566025728	887193084
394	614902501779750912	51534880
395	614902899206782976	36005781
396	614914356862713857	392514148
397	614915439395639296	2753473175
398	614920108348207104	377775232
399	614928234870734848	0
400	614932512972869632	15335491
401	614935828641484801	195785570
402	614956040954605568	0
403	614992977589612544	0
404	615001746138636288	0
405	615007620689063936	569581021
406	615021842915586048	0
407	615022562188242944	0
408	615040335681560576	228147604
409	615051477690638336	1639304155
410	615071763848937472	64722891
411	615076929742483456	794810444
412	615081243454087168	297943941
413	615091055873101824	1283582233
414	615092038644707328	1831031478
415	615097579269955584	3330290146
416	615109711810039808	233150076
417	615111219318423552	141121573
418	615144607408521216	0
419	615146147380723712	0
420	615172793420914688	3294749086
421	615173336654458881	581500758
422	615176730756648960	3053753441
423	615202772540096512	3244932869
424	615209092261543936	572784902
425	615211826884833280	2942346460
426	615212029620547584	3102422154
427	615222843559677952	36005781
428	615227822844583936	3279650217
429	615229461773045760	231683938
430	615237649486360576	0
431	615243200668635136	236250981
432	615260431960178688	540660963
433	615260918159659011	0
434	615283807210577920	248858868
435	615290304925728772	38057219
436	615325099202228224	2424692306
437	615326644576780288	711602922
438	615328362819637248	67151580
439	615341144596090880	2966783441
440	615354048334688256	909106970
441	615356156999958528	1105693836
442	615381076668755968	51175773
443	615392246750429184	46623658
444	615396430786727936	2155965720
445	615396580892368896	92468768
446	615406959391477761	2835888253
447	615409084016164864	0
448	615413783998107649	0
449	615414783655997440	2523704228
450	615428038226894852	397812389
451	615465755631423489	1398717673
452	615479249424613376	0
453	615487397849993216	0
454	615493967073906688	1914506792
455	615501724430655488	111704438
456	615507063976824832	0
457	615507764236972032	1603766299
458	615513663919796224	853150752
459	615521022318669824	0
460	615532172322205696	0
461	615532815510335488	0
462	615535570475982849	462114432
463	615537851527094272	36005781
464	615545705910808576	24546672
465	615578324421599232	36005781
466	615579999559528448	173170847
467	615587244401926144	391599105
468	615605529566576641	3250022354
469	615606563311632384	0
470	615622443269386240	397860713
471	615629096874311680	461072129
472	615632044014440448	312480764
473	615638423706038272	173789958
474	615651612040663040	564890144
475	615654167433080832	185354384
476	615676873377320960	1708964144
477	615684989703835648	2990094652
478	615708450043990016	0
479	615711114932973568	0
480	615736273601343488	0
481	615741993633906689	2176958272
482	615746638045315072	320478877
483	615763704399818752	154183934
484	615769139039219713	0
485	615816092452126720	0
486	615824291960107009	36023807
487	615824350625841152	36023807
488	615857524382781440	1724303324
489	615871545953677312	0
490	615885828175216641	91458291
491	615886932589936640	0
492	615899024844005376	1715841900
493	615904993996963841	2970486053
494	615912501633548288	0
495	615942895334375424	0
496	615943531312644097	3321488885
497	615945728314093568	0
498	615945767518220288	0
499	615946688411398148	20756583
500	615958651497508865	3187453725
501	615961960392335361	7790622
502	615973996639600640	2893372832
503	615974445220515840	2303267462
504	615975753558138880	3199390706
505	615977045382705152	142592735
506	615980523027079168	0
507	615994798651015168	581500758
508	615998500384288768	292671486
509	615998522869964800	588441390
510	616015956863787008	15335491
511	616018662814674946	511231057
512	616018879211536385	2966783441
513	616040992496590848	437106458
514	616050058597806081	0
515	616053777150246913	2483908675
516	616061321558290433	228505560
517	616068138120126464	0
518	616068819212214273	0
519	616069035743158272	21410672
520	616072668341669888	366843188
521	616076719968124928	2155965720
522	616076837064540160	2966783441
523	616088099785973761	67151580
524	616091020145618944	1374664320
525	616117035156774912	3083012555
526	616137915979186176	36023807
527	616192211865202688	2155965720
528	616193962173427712	2707065429
529	616211117346566144	610795492
530	616212129683738624	449603053
531	616218354672648192	0
532	616224165410902016	23265506
533	616224224122814464	1900908690
534	616235871583367168	141054864
535	616245602196680704	1045239187
536	616249435971002368	67151580
537	616258474347905024	381093957
538	616263478341337088	215446879
539	616274779167797248	2966783441
540	616284422351007744	2602052260
541	616284707291009028	2602052260
542	616285260297453568	2602052260
543	616285517924179968	2602052260
544	616293820263755780	557078282
545	616302046631690242	2966783441
546	616305119781482496	2966783441
547	616334500818239488	9739202
548	616383390456131584	15335491
549	616388517636243456	481801051
550	616411429319639041	0
551	616414287389552640	27304198
552	616415341137125376	58539856
553	616417217534558208	2970135322
554	616430842227724288	0
555	616441812329234436	569581021
556	616443316788301824	0
557	616450187691626496	2860589726
558	616451539264081920	1891556472
559	616452896792547328	728959290
560	616489688723947520	253791853
561	616511618600579072	30695606
562	616537209605386240	2594824381
563	616539361883103233	27761892
564	616540976186806272	3331584491
565	616553017740013568	0
566	616570897739186176	253742998
567	616573321191268353	27761892
568	616578384986927104	0
569	616578583780270080	0
570	616580143822213121	550423777
571	616587718408151040	0
572	616589352202862592	74513551
573	616590510505918464	1014842906
574	616609541896015873	2788880730
575	616618529434025984	2464554372
576	616642745533399040	0
577	616650317300695040	0
578	616658304962560000	94523171
579	616682910255591424	17362917
580	616698784559464453	3321488885
581	616701355193819137	2323947968
582	616713526124548096	2165411305
583	616715395710349312	22972142
584	616723132397846528	305501561
585	616728571227324416	320478877
586	616730865184415744	1683366356
587	616744461943599104	15335491
588	616744973858279424	0
589	616751926408032256	0
590	616753314680672256	2155965720
591	616758571770974208	462114432
592	616762478588882944	569581021
593	616765618285490176	36005781
594	616780004307959808	0
595	616790874119245824	0
596	616826241807572992	173789958
597	616838005257408512	0
598	616893456544333825	24761032
599	616980417246285824	2977573522
600	616993718961201152	113907168
601	616996376103243776	389669612
602	617001556282593280	223185716
603	617006316536639488	2942346460
604	617020005842944000	28737338
605	617046416465219584	0
606	617072942342606848	0
607	617109473669349376	15335491
608	617123393272328192	78882537
609	617145273559728128	0
610	617166690346889216	803058408
611	617170230574329857	0
612	617172431296335872	2300803690
613	617175014975098881	2889484097
614	614105499663888384	1577662128
615	614107438652989440	14803951
616	614108966121934848	212463932
617	614111100024455169	212463932
618	614112487391170560	178102854
619	614115928767250432	849769500
620	614116008396201984	0
621	614120190071050240	1111294736
622	614124675694620672	173321172
623	614126155533135872	3017893369
624	614127521240494080	14664785
625	614127869174812672	12626962
626	614128193260249088	1396092896
627	614133923648536577	0
628	614135540464676868	2391870344
629	614141432375455745	0
630	614147279226802176	27371671
631	614172891685392385	172081908
632	614187757473103872	0
633	614196168877182976	108419139
634	614198451346272256	313121798
635	614206171876986880	2738311034
636	614215689222488064	343095829
637	614217376544899073	1535720599
638	614222467532328960	123791065
639	614243686751166464	2993036154
640	614264217370275840	0
641	614276556589019136	0
642	614291614593191936	0
643	614291777533644800	41479697
644	614298552156602368	0
645	614299348029997056	1605668706
646	614302874827378688	314243234
647	614303114854834177	118915743
648	614310668100063233	344831740
649	614325842437500929	0
650	614335883253121028	34993742
651	614370735767879680	67873734
652	614379764229480448	0
653	614383315286630400	55650895
654	614388208743383040	563613307
655	614389280278974464	52436759
656	614400332353900544	0
657	614400941001965568	2470409048
658	614404950660149248	126826923
659	614410046169088000	136901718
660	614420756466765825	0
661	614421690001567744	205314540
662	614421985884549120	0
663	614423774801326080	0
664	614425907189526533	15761785
665	614440657835261952	3240304124
666	614443969125052416	254744099
667	614447322806681600	2154273384
668	614447450741452800	376387781
669	614448331469684736	25697311
670	614460594075254784	762583238
671	614463308024803329	349219338
672	614465385333592064	112604113
673	614467684760064000	0
674	614474950921994240	0
675	614480159626915840	258551101
676	614500466450264064	432048547
677	614506245685428224	3060277294
678	614519120134975489	0
679	614522252474748929	0
680	614524510209994752	363214023
681	614528599635267584	197918942
682	614546430095687680	0
683	614546471371718657	148860840
684	614547781986824192	69237755
685	614554576079818752	554060122
686	614559214489497600	77144908
687	614566095752531968	2934103794
688	614568539819741184	2554476104
689	614579545350500352	124735878
690	614589549839294464	609485539
691	614590458325372928	75403792
692	614597740039831552	26958961
693	614614807098953732	29893766
694	614617333965811713	61105042
695	614620718043508738	398286778
696	614637017062842369	0
697	614640559345393664	0
698	614645894357520384	330472602
699	614646065942278144	330472602
700	614646975863128065	0
701	614651374408589312	2993036154
702	614658066043248640	463054608
703	614664205849919488	0
704	614666864820486144	170310148
705	614673797677846528	825953262
706	614675124369780737	37820375
707	614685241924452352	2417189972
708	614692224933208064	19802846
709	614708202228191232	3105073274
710	614709172756570112	50194631
711	614725771391664128	214042242
712	614726626220204032	0
713	614733707447037953	45302861
714	614775966209036288	0
715	614777337155031040	2427549086
716	614787268893540352	2993036154
717	614797979149414402	246774523
718	614797986292367360	0
719	614817049232211968	76009410
720	614825557964906496	487112770
721	614848440024080384	358730722
722	614852648781615104	37990581
723	614868738265980933	0
724	614878081627459584	246774523
725	614878931653685248	3028055777
726	614900712535912448	0
727	614902528367439872	0
728	614905817880494082	3028055777
729	614908165050642436	0
730	614913574507380736	517997193
731	614918051687989249	29072192
732	614920555444056064	0
733	614922391496462336	29584150
734	614922832133255168	517997193
735	614927463643222016	2329041289
736	614935809733492736	406705341
737	614953947762192384	596749764
738	614954612693577728	160371272
739	614965636364660738	136901718
740	614966107020070912	3257222090
741	614976188075888640	0
742	615028467650854912	517997193
743	615028743455649793	517997193
744	615032511123488768	517997193
745	615041675186999296	115883210
746	615043524229136384	311654967
747	615045597217861632	2586776035
748	615047533748817920	248343821
749	615053893660053504	167282831
750	615072924240752640	1916081982
751	615106397726863364	517997193
752	615138042853130240	20662651
753	615138887741112320	20662651
754	615142664443314176	310309420
755	615147499540627456	3196630410
756	615148163847036928	212293372
757	615149655899291648	2993036154
758	615149666452111361	0
759	615150659298443264	517997193
760	615161455273504768	465268864
761	615170510838628352	474447301
762	615187736551518208	0
763	615193138605498368	0
764	615194955867271168	2993036154
765	615203431897141248	3111012179
766	615218297039134720	3248242181
767	615220084257075200	41766494
768	615224516965437440	416040278
769	615226216375799808	449430615
770	615232113256718336	246774523
771	615239435962060800	68126410
772	615265325764866048	430851439
773	615268177031749632	0
774	615272589569720320	734560633
775	615276614180569088	0
776	615277228604178432	734560633
777	615278769092300801	245308991
778	615281280914210817	19597938
779	615284084030484480	1549127594
780	615286853651070976	0
781	615290952622538753	0
782	615309852479352832	517997193
783	615311758186536960	517997193
784	615313764070526976	510813253
785	615333531082817536	41581659
786	615335399649447936	1508087564
787	615343814291668992	1682038578
788	615346552513507328	840498092
789	615346722714308608	106790430
790	615355312430682112	189749686
791	615355560175628288	2170765645
792	615362237134303232	14810811
793	615374317422026752	0
794	615376147321262080	2993036154
795	615396260191670273	85758791
796	615408841103134720	351209897
797	615418412139982848	3111237760
798	615420105602793472	0
799	615422072483901440	0
800	615429973755740161	13738192
801	615432276118249472	0
802	615443926426628096	235321021
803	615445645122367488	2262555338
804	615450610691784704	167282831
805	615457815130288128	153726491
806	615472990726262784	0
807	615482890214739968	23195683
808	615485383724236800	198004487
809	615491004389572609	27203795
810	615492517711187969	229670513
811	615495278167236609	95930466
812	615497485155475460	0
813	615512053747290112	2993036154
814	615513089979600897	0
815	615515110732341249	1450205844
816	615518222541025281	955698157
817	615520825563815936	2482232082
818	615522467512229888	2482232082
819	615522595828572160	21515818
820	615525602586574848	37794539
821	615528650029563904	0
822	615533297070780416	35093662
823	615534759310151681	2482232082
824	615540056086986752	426967017
825	615540755919163392	1949759941
826	615540780560572416	517997193
827	615541975928864768	29584150
828	615543002463928320	59889375
829	615544301557166080	0
830	615545173368524800	311740717
831	615550079865356288	70247351
832	615552899205062656	1184640014
833	615553362562408448	149283816
834	615554313415467008	199879420
835	615555436566183936	0
836	615556730953564160	898233312
837	615557093358223360	1285710638
838	615570087790178304	415151129
839	615570329180733441	272064809
840	615577932535341058	20306034
841	615580092211695616	20270883
842	615580228413431808	979402231
843	615580790705909760	100789993
844	615584241729056768	1952528058
845	615586222388473856	24239999
846	615588842687434752	313731146
847	615592606156898304	2810237143
848	615602645030469632	2993036154
849	615605700329213952	0
850	615606694874357760	582592612
851	615608210754564096	396999739
852	615613594407845888	3243259442
853	615618683856154624	0
854	615619817660358660	0
855	615620900025729024	276448675
856	615622156131672064	1169337758
857	615628303639158784	2414706632
858	615645553704091648	72183405
859	615655449388433408	25963806
860	615661896595804164	309298423
861	615662996560351233	537551503
862	615672575339802624	0
863	615680463881908224	0
864	615681835419332608	2945993432
865	615689183730872320	2149562384
866	615695217753088001	0
867	615700991866834944	255067647
868	615701461146714112	531598198
869	615723030589870080	128633483
870	615723322668642305	128633483
871	615724045682741248	128633483
872	615724430631813120	128633483
873	615738539284692992	2993036154
874	615761185984507904	426625018
875	615763158766989312	2686561322
876	615766245632163840	234660291
877	615768220587290624	96825691
878	615783834517291009	2993036154
879	615800438265221120	2583797636
880	615807439439425536	125036205
881	615810434650652673	20688492
882	615818939172552704	0
883	615823423441207296	1383038924
884	615827143017148416	1168614020
885	615827171244834816	2889139022
886	615827255634165761	2250167449
887	615828046893875200	16717148
888	615829135433187328	2993036154
889	615830492294746113	399395577
890	615831595904163840	2997750360
891	615832258658889728	16487286
892	615832391400030208	27598939
893	615833388344197120	822476942
894	615842430672326657	382153540
895	615846596933210112	50633083
896	615846660451774464	28644910
897	615857822782357504	2359848745
898	615858298667937793	517997193
899	615864398595276800	3341741285
900	615875560233775104	517997193
901	615890918873411584	1703926747
902	615955151233372160	2880833756
903	615992602572165120	0
904	616239106679566336	551112681
905	616356179372060672	3000093281
906	616583504999116800	0
907	616648825328021504	120234291
908	616657058436411393	2202060642
909	616674719073468416	129960904
910	616685354402336768	120234291
911	616734452815917056	0
912	616739794966556672	0
913	616742173535510528	1335392197
914	616756073303662592	0
915	616758930698539008	3341741285
916	616767617689202688	1375437380
917	616768948453838849	2411506334
918	616777385069776896	2284850010
919	616793541705113600	2817246450
920	616794658203549704	588097287
921	616794694211604480	816840528
922	616796698598371328	70247351
923	616796805603311616	16248905
924	616810170186752000	142947693
925	616810866902568960	1053036164
926	616826858026369025	24257249
927	616829304320753664	0
928	616885667172368384	44481898
929	616889280514822144	1000849548
930	616889453869559809	1346952402
931	616896427432771585	3323578618
932	616899790924853248	94642746
933	616900117002616832	161615525
934	616924176088236032	161615525
935	616925989977853952	2479832246
936	616983281439903744	621996473
937	616986353063063556	1283500518
938	616987964602605568	26611860
939	616995962322616320	802890950
940	617002762853859328	13148882
941	617027645893545985	0
942	617029838809870336	0
943	617041230539522048	3266682781
944	617049359264256000	39314178
945	617148193906622464	0
946	617760736950026240	0
947	617764456618192896	0
948	617768586996793344	0
949	617825695255781377	89561713
950	617939620022489088	47520535
951	617942522640375808	47520535
952	617942610414428160	517997193
953	617950963656036352	415480403
954	617956001543655424	1494592956
955	618043216156340224	2663115926
956	618048761864937473	2993036154
957	618060596869771265	69899423
958	618075431816687616	0
959	618090039474552832	17115086
960	618095626073567232	1024124754
961	618096762104991744	2851340937
962	618104452294295552	17180291
963	618106694145409024	144570961
964	618109172308013056	1283021432
965	618109606082949120	1283021432
966	618109937676328961	0
967	618114298120777728	56408045
968	618114497450905600	266182223
969	618115856178921472	3243259442
970	618117105586536448	45661957
971	618117658181918720	134971190
972	618122601970319360	525714627
973	618128417326821377	506834929
974	618131199144390657	171548178
975	618137472241799168	68599588
976	618139272005025792	0
977	618152957041741824	311654967
978	618162207751208960	0
979	618170765393981440	2110771
980	618171033321873408	185360779
981	618171309273427968	21691269
982	618192620750180352	1283021432
983	618198363352207361	19038210
984	618224921236238336	14671904
985	618224960448782336	125896734
986	618243519434653696	0
987	618244467515068417	1182858038
988	618245392623230976	0
989	618249862442659841	14839662
990	618258744921726976	704219604
991	618261149662904320	0
992	618261853785886720	405437713
993	618265044749422592	126008063
994	618274956179316736	0
995	618275217257791488	2516013102
996	618278174447669250	517997193
997	618292659971424256	47179510
998	618298183832068096	588777762
999	618313658028810240	0
1000	618314702465032192	17732518
1001	618317301167685632	305567341
1002	618322229298876416	2375662682
1003	618327264791408640	95064543
1004	618327534904717312	0
1005	618328269864235009	1174456664
1006	618328300344221696	2321152968
1007	618328436524781568	1671813086
1008	618334744342855681	227339617
1009	588385335123451904	0
1010	588386794275610626	1955918744
1011	588392716372992000	2715213326
1012	588393340099493888	2715213326
1013	588396780208947200	2568960285
1014	588397759805394944	305506218
1015	588398699782483968	3153661079
1016	588402793481949184	2756873076
1017	588412760943435778	2759480186
1018	588425794969440256	1528718839
1019	588429912681381888	0
1020	588439850036002817	0
1021	588440215699775488	115729308
1022	588440900495245314	3097044714
1023	588444202410770432	1370900198
1024	588444235935842304	0
1025	588449233054883840	0
1026	588454999413391360	375278130
1027	588455881848791040	2920589622
1028	588457762239057920	1556984887
1029	588460136047452160	0
1030	588467155152306177	0
1031	588471260847296513	0
1032	588474134553821186	116233290
1033	588477499044192256	0
1034	588493593796595712	0
1035	588495813774614529	18258975
1036	588497616490655744	481713367
1037	588498102211842048	0
1038	588507014084583424	0
1039	588508177857019904	2975407624
1040	588510216272084993	76148385
1041	588517076156813312	2701764742
1042	588519429207683072	2753117904
1043	588521989230362624	0
1044	588523621351497729	350747623
1045	588528081889054720	0
1046	588530450106318848	0
1047	588530846186901506	2303978924
1048	588538643163258880	395381456
1049	588542195168251906	2845021300
1050	588551752779104256	25744258
1051	588551832764547073	0
1052	588553481784414208	44172057
1053	588553651154653184	3015895638
1054	588573912125964289	0
1055	588581982700851200	168173342
1056	588625327988936704	2534342832
1057	588629417313710080	0
1058	588653223994490880	251494353
1059	588656894593658881	0
1060	588662767386808320	0
1061	588694604460888064	57596515
1062	588699739513815042	0
1063	588708170085888000	336721797
1064	588711540339113985	0
1065	588718424282554368	244336768
1066	588722942445359104	3038719164
1067	588724086672527361	2920589622
1068	588725171151843328	0
1069	588728904707399680	2568960285
1070	588733231706427393	2920589622
1071	588742923811823616	3041759534
1072	588754374488420354	2820596893
1073	588758889367232512	952847162
1074	588759327139201024	0
1075	592530980017205248	0
1076	592533087365373953	721325751
1077	592533997588209664	3210553487
1078	592535223423885312	3048509299
1079	592536079695159297	0
1080	592536158589988864	2756873076
1081	592536253331038208	621983823
1082	592536875711205376	246362853
1083	592536926390853632	0
1084	592538353440059392	0
1085	592539474699100160	0
1086	592540629495754754	3052054201
1087	592541583532269568	0
1088	592543205603811329	2171549541
1089	592546269752467458	0
1090	592554709073960960	0
1091	592557355583156225	0
1092	592560782325350400	2658420401
1093	592566057673433088	3152384252
1094	592576795104292865	0
1095	592577347347292160	0
1096	592578496343343104	57263670
1097	592579126076149761	2190483199
1098	592582524078927872	0
1099	592589950975090688	2834414549
1100	592593036049190912	0
1101	592594081433321474	2534342832
1102	592594960521629697	88875512
1103	592595400982429696	177280097
1104	592602029891133440	483405140
1105	592606119664734208	31631820
1106	592612732807081984	36991251
1107	592620506379091968	0
1108	592624253977014274	304525409
1109	592624905394487296	2274042164
1110	592628558729760769	0
1111	592637234299404288	0
1112	592641049727770624	949555026
1113	592660021118410753	2899816762
1114	592662629216292867	0
1115	592664903359561728	0
1116	592670553368035328	0
1117	592670576860385283	2756873076
1118	592685755933294592	1043713747
1119	592686360336736256	0
1120	592688604780077056	0
1121	592691737224683521	2364629671
1122	592693866572185601	2845021300
1123	592701048688648193	3071440342
1124	592706764258332672	0
1125	592707637705383937	0
1126	592708507947925506	945530322
1127	592710411344080896	1242194030
1128	592715073363247104	0
1129	592718115521306625	19652417
1130	592718126862757889	0
1131	592726476052652036	356858339
1132	592726475943616513	179075185
1133	592733241339154432	2383867424
1134	592736616206172160	0
1135	592737379124903936	1099655371
1136	592747076364144641	65533495
1137	592748215390367747	0
1138	592752825450549249	595997188
1139	592758398334140416	3022193149
1140	592759601684156419	0
1141	592764391579324417	382151611
1142	592765422577004544	25669608
1143	592777574981509121	0
1144	592780220341563393	30486400
1145	592791524171186176	30486400
1146	592791937058471937	303665229
1147	592794332731674624	303665229
1148	592795114856144896	0
1149	592796389232476160	310483874
1150	592803163343839232	0
1151	592808895942414336	0
1152	592810439807016960	0
1153	592814449267990528	3039721373
1154	592818548579393536	0
1155	592821114168090624	0
1156	592825280454070273	0
1157	592827591976947713	0
1158	592827811758497794	2380284987
1159	592833687227600897	0
1160	592837263412875265	2560238717
1161	592839970483740674	0
1162	592842077026840576	0
1163	592857384839708674	549863131
1164	592866525784190976	495199212
1165	592870297927286786	333934967
1166	592873999396384768	1550522623
1167	592874124298555392	0
1168	592884688966025217	2903479080
1169	592891086915371008	564068690
1170	592898722654224384	0
1171	592899956756840448	0
1172	592909023177023489	0
1173	592923352177582080	1657033226
1174	592932392454725632	0
1175	592934328641916928	0
1176	592935473632419840	0
1177	592939966159720448	2987979504
1178	592940512178544640	0
1179	592945245379145728	493759293
1180	592945473649975296	32419017
1181	592946574352883712	212853504
1182	592955236869906432	0
1183	592972969699364864	133402768
1184	592981643922550784	0
1185	592993165474271233	0
1186	592994701076213760	75845845
1187	592995596832673792	0
1188	593004146527064064	0
1189	593017722130292736	2970593542
1190	593027336854994944	250115148
1191	593027602203422720	250115148
1192	593027776824881152	250115148
1193	593028177972330497	250115148
1194	593028277914173441	250115148
1195	593028387259731968	250115148
1196	593028873710915584	250115148
1197	593031726240239616	267085354
1198	593038252954808320	0
1199	593040464116330496	0
1200	593040819801690114	17674757
1201	593041899709136896	46491617
1202	593042106861641728	24828490
1203	593046168751452160	3119138842
1204	593054572228321282	84599864
1205	593056500462956546	415304375
1206	593065357943902210	0
1207	593066752482902016	2901941750
1208	593076797706670080	0
1209	593081703276650499	370540029
1210	593084627083993088	0
1211	593085168304398336	0
1212	593089887827529729	0
1213	593096339627614211	292586465
1214	593099625868951552	3110487671
1215	593102678512762880	23953082
1216	593118928764731392	0
1217	593129653155602432	0
1218	593134070336368641	43489755
1219	593135451520786432	116826365
1220	593146110102806528	741501228
1221	593154742257233920	0
1222	593156122921533440	2811624648
1223	593163898913628160	471333409
1224	593164491078041600	774926515
1225	593167563250610176	0
1226	593168117729136640	48263154
1227	593192620605726721	20627081
1228	593199389432250369	2918621564
1229	593200102946304000	3181603264
1230	593206528297062400	0
1231	593208489855553537	0
1232	593214862777577473	329959864
1233	593229964851486720	2831172226
1234	593237488656867329	2831172226
1235	593243123272253441	0
1236	593245538226610176	3178740996
1237	593247235833503744	0
1238	593258898875936768	2517983482
1239	593265486588182528	121535535
1240	593284886976331776	2685871154
1241	593296962213978113	196479615
1242	593318246092115968	2973253416
1243	593320110976270336	30724156
1244	593326170382454784	2316983790
1245	593347751016005632	520344647
1246	593354503593664514	471333409
1247	593355218823323648	3217290237
1248	593368114441617408	0
1249	593383534729043968	0
1250	593388517541056513	0
1251	593400781052706816	614867166
1252	593428992008552448	271126094
1253	593433992084344832	0
1254	593441881478037504	815977938
1255	593442148801994752	0
1256	593443879405228032	201553765
1257	593454286375243777	0
1258	593462093917122560	0
1259	593462551226294273	20587072
1260	593466449399775232	2970485691
1261	593467583053078529	2970485691
1262	593470828559360002	2957101507
1263	593478291899731968	0
1264	593480769647091712	0
1265	593481497245523968	1361202602
1266	593481692146458625	2658420401
1267	593487743356903426	54682894
1268	593492747165761537	3098137655
1269	593504838584905730	0
1270	614112356134686720	0
1271	614113189559730176	0
1272	614114660267094017	2565936404
1273	614117830078803968	2565936404
1274	614130559095324672	0
1275	614131007747440640	2565936404
1276	614131449978060800	3187116042
1277	614132379834318851	0
1278	614134158651170816	18227863
1279	614135222318309376	890240018
1280	614135996247093248	890240018
1281	614136218205483008	890240018
1282	614136348346294273	890240018
1283	614138881001308161	2565936404
1284	614139611368038401	0
1285	614142230547271680	0
1286	614144163676835841	0
1287	614152080975134720	3150327612
1288	614152373821378560	0
1289	614159688469491712	0
1290	614172409508286464	2614101470
1291	614174645449793536	0
1292	614174739339153408	127374813
1293	614177315032068096	15519174
1294	614183154300096512	0
1295	614188980318306305	3252886586
1296	614195770020003840	0
1297	614199533610905600	606727141
1298	614200988233265152	3338164798
1299	614210805907783680	0
1300	614216956338638853	28027698
1301	614218023730323457	3298840127
1302	614235773940965376	0
1303	614237396645859328	0
1304	614239270526709764	227089517
1305	614241596100313088	2410623764
1306	614248722030010368	2584178036
1307	614255607307214848	2798979048
1308	614255911742373888	2798979048
1309	614259487491420160	0
1310	614286646045900800	0
1311	614291429301600256	0
1312	614294129405603840	990342288
1313	614299030210879488	0
1314	614299611784716288	0
1315	614299913795543040	0
1316	614300910106361856	0
1317	614304376899944448	0
1318	614316314019151872	1675067046
1319	614331793454469120	2919308995
1320	614336197549096962	0
1321	614337708538863616	0
1322	614345594736377856	22067872
1323	614350868519890944	56350690
1324	614353052267483136	0
1325	614370262394535936	320146757
1326	614391309483290625	0
1327	614396910879666176	21395960
1328	614400040719773696	0
1329	614400843178086400	1949713398
1330	614409627111919616	2970485691
1331	614424714656677888	972496296
1332	614445865055338496	239281295
1333	614457834365931520	0
1334	614459219358515201	0
1335	614460679685169152	0
1336	614472494662205440	0
1337	614476214925815808	0
1338	614485205294845952	459532862
1339	614487761182138368	14137559
1340	614497291894919168	0
1341	614499223334092800	115852160
1342	614526287768612864	0
1343	614526917711007744	0
1344	614544315013033985	1295672767
1345	614549938484191234	1295672767
1346	614551617480867840	2772622527
1347	614552291128025092	0
1348	614582451566968832	2788150925
1349	614588420925489152	0
1350	614592293643911168	14250106
1351	614593842075951104	2323631724
1352	614595645144338432	3242880618
1353	614632706576674816	0
1354	614644838995132416	0
1355	614663108162928640	0
1356	614699529451909124	2233135202
1357	614702304323698689	26452283
1358	614707099688308736	21819264
1359	614735170021691392	0
1360	614765022296866816	0
1361	614769118147911681	0
1362	614781044462649345	444284249
1363	614787536414744576	48663757
1364	614787862483988480	3197653344
1365	614809328843943936	362576854
1366	614820069059768321	21109485
1367	614831559883886595	2436453084
1368	614836463067340800	839241362
1369	614836849241145344	875902951
1370	614839617737650177	174111162
1371	614845945188974592	0
1372	614854369608138752	0
1373	614854497739898880	0
1374	614854745417715712	0
1375	614855235933114368	0
1376	614861584406548480	3346766793
1377	614871442191028225	0
1378	614884338476281856	0
1379	614890822396284928	3257153431
1380	614912780618067968	2973019067
1381	614924530155421697	3163317251
1382	614926740159213568	330184418
1383	614940872040321024	0
1384	614942039357149184	239281295
1385	614967738935717888	239281295
1386	614974026902052864	28976344
1387	615008478868865024	3258396847
1388	615012970372972544	0
1389	615026511993806848	0
1390	615032975047196673	3346946283
1391	615043642646892544	2935492656
1392	615060817524981760	2584178036
1393	615076509385158656	97612688
1394	615086624670679040	3343771132
1395	615105604705648640	435464834
1396	615118166298116096	16665596
1397	615118720910925824	3309419164
1398	615141302263414784	2935492656
1399	615152556411523072	0
1400	615166181876568065	0
1401	615166831008026624	0
1402	615168217129058304	0
1403	615168467843588096	0
1404	615168670852059136	0
1405	615169024121569280	0
1406	615170225068220416	0
1407	615170531692838912	0
1408	615171418154795008	0
1409	615172852719857666	41983621
1410	615188264996241408	0
1411	615216143230496768	106211842
1412	615226445435158528	875198178
1413	615236412594634752	1573722223
1414	615253524973264896	738696752
1415	615262029352321024	2160131833
1416	615263123235315712	1275194059
1417	615263643689598976	0
1418	615268089362546688	466773232
1419	615273439646089216	40684243
1420	615286564718051328	36420135
1421	615288566168555521	0
1422	615295786532913152	0
1423	615305061271474176	564060759
1424	615317074559119360	2409709272
1425	615318721641451520	0
1426	615325263996424193	0
1427	615352013409234944	0
1428	615361555602014209	0
1429	615362175100698624	0
1430	615362674331910144	0
1431	615364256251383808	0
1432	615364419489505280	0
1433	615368250998824960	0
1434	615370944350146560	0
1435	615372675129589760	1650278431
1436	615374409780604929	0
1437	615384185314910208	0
1438	615385295362609152	0
1439	615395260823265280	0
1440	615409228430360577	0
1441	615468392196243456	0
1442	615470530955767808	298738919
1443	615488566760710144	0
1444	615522778838491136	0
1445	615545616555470848	1259548171
1446	615552943627083777	0
1447	615558577743372288	1259548171
1448	615560419923599360	594711386
1449	615562383898058752	3309620663
1450	615563571452317696	2275254024
1451	615566732472643588	900604650
1452	615580045013295104	288451785
1453	615601751844978688	0
1454	615617996749438976	3342381723
1455	615625609205583872	0
1456	615626575598514177	0
1457	615628692207894528	20912252
1458	615636084001775616	520605382
1459	615637779108659200	2916949294
1460	615640281808044036	0
1461	615659605520199680	0
1462	615663143843463168	25429361
1463	615672818479468545	0
1464	615691431328509952	0
1465	615691930748473345	0
1466	615740101650296832	252309149
1467	615740511765147648	0
1468	615743099692818432	0
1469	615759427765825536	3119839568
1470	615759687594610688	3119839568
1471	615774326294384640	763879189
1472	615786634370379776	2564535115
1473	615793434121515009	144317147
1474	615824843695468544	1399721636
1475	615835470585593857	487933376
1476	615881440517971968	0
1477	615882266661642240	0
1478	615887254880428032	43345725
1479	615891619645030400	0
1480	615914912108421120	2738371508
1481	615929731855347712	0
1482	615949425500901377	0
1483	615951305274748928	20416773
1484	615983097650151424	3035739602
1485	615989480500121600	3253139498
1486	615997187651055616	0
1487	616006971783815169	318667006
1488	616009212477345793	3256080464
1489	616016361207267328	0
1490	616017044706758657	0
1491	616018742678560768	872664656
1492	616019504527601665	3022193149
1493	616020081483517952	21819264
1494	616025290679058432	0
1495	616027417824595969	0
1496	616039104048955392	122215691
1497	616042034693033984	0
1498	616044271796420608	248454003
1499	616047197151342593	52432921
1500	616048889058082816	370890022
1501	616051049191747584	2178564559
1502	616080892566589440	2710813772
1503	616086737933045761	2481532026
1504	616102790880833536	3102023268
1505	616102810262704128	2333881903
1506	616114893293506561	3304420079
1507	616115832771358720	0
1508	616127975801499648	509769573
1509	616162831180939264	2715213326
1510	616184549383475200	1675284572
1511	616192475976335360	0
1512	616204276596088832	53905837
1513	616218488135385088	3131055880
1514	616243195782021120	0
1515	616243425818578944	0
1516	616247602292592640	232788678
1517	616255576356425728	3352556542
1518	616256102657757184	3237187123
1519	616257285766127616	0
1520	616262265147265024	2670742214
1521	616262894037135360	0
1522	616263159691747329	0
1523	616275705400307712	0
1524	616276185664909312	0
1525	616276761500876800	969566850
1526	616295438128427008	471333409
1527	616295598317268992	3307173220
1528	616299950482264064	320146757
1529	616302398080839684	3184650450
1530	616304415704772608	429341725
1531	616307884255789057	0
1532	616309038704259072	0
1533	616309280929505280	1393600633
1534	616315823054057472	0
1535	616320711754317824	3191431412
1536	616326961091231745	3271904619
1537	616329139721625604	0
1538	616333112100831232	0
1539	616338350274772993	130271069
1540	616343552675741696	387194480
1541	616347295202824192	0
1542	616371464019668992	21819264
1543	616374816241639424	28817025
1544	616375300465762304	0
1545	616377952138326016	0
1546	616380283902914560	0
1547	616381846910337025	213620244
1548	616397175707312129	0
1549	616407940866686976	0
1550	616412285830066176	0
1551	616412390075273216	0
1552	616413990239899648	21819264
1553	616414652646428672	34830116
1554	616417898802884608	954148879
1555	616418651219066880	3195957620
1556	616422745191116800	27049695
1557	616451603076263936	3253109460
1558	616463156681048064	0
1559	616494509552054272	3038116383
1560	616494907553767424	0
1561	616496415158738944	769171752
1562	616499434898108416	38459796
1563	616504616272838656	0
1564	616510170227736576	282828453
1565	616512632267210752	471333409
1566	616515954239868928	0
1567	616528025828470784	144500227
1568	616528593644994560	2524274756
1569	616529308345982976	0
1570	616537421233168384	0
1571	616563177007017984	546258169
1572	616590510677848064	3164632718
1573	616596962939305984	0
1574	616599629178740736	0
1575	616603178923106304	0
1576	616604342431449088	0
1577	616605755551166464	0
1578	616607267761336320	0
1579	616607575144972288	0
1580	616607638885924864	0
1581	616608052100374528	0
1582	616609899754205184	0
1583	616613349288054785	509769573
1584	616615081036656642	0
1585	616619935737991168	0
1586	616620431907360768	0
1587	616621347066654720	0
1588	616621571373953025	0
1589	616622326763945984	0
1590	616623663668928512	0
1591	616624993972174848	0
1592	616625978702434304	0
1593	616627544473907200	0
1594	616627793686855681	0
1595	616629005186400256	0
1596	616629177811365888	0
1597	616633575887212544	0
1598	616634141631741952	0
1599	616634516430553088	0
1600	616635394000457729	32313617
1601	616635681733914624	2658420401
1602	616636108491915266	195699945
1603	616636648126836738	0
1604	616690863574491136	0
1605	616708298583093248	429523010
1606	616723190191001600	2569414490
1607	616723494101979136	2708308693
1608	616728494295371776	0
1609	616737840840314881	2603857171
1610	616749083621855232	0
1611	616751317248311297	0
1612	616752685790965760	899135509
1613	616752754070028288	0
1614	616768095684694017	0
1615	616774484465336320	0
1616	616785173951033344	0
1617	616818819739226112	572956335
1618	616834372143042560	0
1619	616834744882470912	0
1620	616836378844876800	0
1621	616855028905717760	0
1622	616855376902795264	0
1623	616858463868710912	0
1624	616858997346443265	0
1625	616864865521664000	0
1626	616867805430857728	347500057
1627	616886729111437312	3342026337
1628	616889535658618881	0
1629	616914186258489344	0
1630	616914308581036032	144317147
1631	616928690354692096	3248746786
1632	616946580801716225	3303389147
1633	616948518306099200	0
1634	616949417342595072	0
1635	616962903007195136	0
1636	616969529210572800	350490772
1637	616978867832668160	50717228
1638	616987955337412609	0
1639	616995512957431808	609444482
1640	617006731302948865	0
1641	617013926753136640	212319151
1642	617030820402892801	2806775116
1643	617038771976978433	244804238
1644	617055884620005376	0
1645	617055918950346752	0
1646	617057010941599745	0
1647	617072284461744132	3241576740
1648	617084453081329664	0
1649	617098481862352896	0
1650	617098754756218884	0
1651	617101336874758144	0
1652	617120413642915840	0
1653	617154403250798592	3267639163
1654	617173869728632832	2675442426
1655	617177986253594624	0
1656	617192546427482112	0
1657	617196784071237632	0
1658	617214810107850752	0
1659	617241379589128192	2393620658
1660	617261427988938753	2916949294
1661	617279126202781696	2534342832
1662	617287081505632257	509769573
1663	617305534459445248	2402757463
1664	617326750893256705	0
1665	617330826057887744	509769573
1666	617330925949554689	0
1667	617336674377334784	0
1668	617337415016009728	1855651098
1669	617337570100273152	0
1670	617346222672748544	1222740728
1671	617362878488805377	0
1672	617364130106863616	293978620
1673	588384578500366336	0
1674	588384760642215936	790693135
1675	588385316366639104	2604628464
1676	588388389017280513	0
1677	588395141372620801	79894834
1678	588398002567446528	446515593
1679	588398193009803264	252728214
1680	588398340175364096	226479824
1681	588403780191817729	0
1682	588403801469554688	2904569183
1683	588409792995143680	2272492262
1684	588413555541680129	0
1685	588413586269044737	805335157
1686	588418889077260288	0
1687	588419658874773504	343529731
1688	588420531495575552	20275809
1689	588423419223375872	0
1690	588425467381747713	0
1691	588426207001235457	2455822425
1692	588428960498720768	103747812
1693	588429356260667393	0
1694	588439479897223168	33214161
1695	588442075642736642	544927839
1696	588445085332680704	264271174
1697	588445807566721024	848518471
1698	588452095612715010	1438949354
1699	588452880446697472	0
1700	588453948761202688	1737013177
1701	588455501756637184	2798120162
1702	588456068952502272	2244943075
1703	588457539202904064	320915056
1704	588461985953484802	108683893
1705	588471349561069568	984614636
1706	588474052211318785	75946288
1707	588474831898877953	241689056
1708	588483229662883840	0
1709	588485304027377664	0
1710	588486479875182592	0
1711	588490211874615296	0
1712	588491128489414657	62617728
1713	588491905878503425	1913188200
1714	588494211722293248	77602579
1715	588501823662657536	0
1716	588506587976880128	3171644885
1717	588510405711908864	0
1718	588515807552004096	3142593119
1719	588518619237199872	19215129
1720	588521404519190528	379385416
1721	588521426669285376	2319025602
1722	588521535134019584	0
1723	588522163969380352	996156068
1724	588523012271386624	379385416
1725	588524220025589760	0
1726	588526269135912960	0
1727	588530826813378562	16349648
1728	588532058940514304	3095274289
1729	588541125042012160	0
1730	588543718782820352	0
1731	588543940611051520	3018809280
1732	588545951083536385	3152225155
1733	588547124091981824	976570982
1734	588547650393341952	57041662
1735	588548263969619969	0
1736	588556497778511872	0
1737	588557334076469249	0
1738	588558052325924864	1260736442
1739	588561818387292162	2798120162
1740	588568120308051968	329137978
1741	588570786618683392	3158661520
1742	588575939304394753	341122817
1743	588581336580927488	0
1744	588587659431284736	291839469
1745	588593299549650944	0
1746	588602783785320448	178095617
1747	588623327515783168	2206484977
1748	588632453239144450	52728606
1749	588677198946533378	937704163
1750	588678087400882176	510823412
1751	588680041342570499	1871547854
1752	588686361873481730	0
1753	588689768113909760	0
1754	588690164291149824	2158032035
1755	588690573026058240	2158032035
1756	588698224740868096	0
1757	588698231481180160	41993876
1758	588701697268064257	19142551
1759	588702640625754112	748477502
1760	588711267742814208	2449650492
1761	588717551405899776	530872862
1762	588718010036269056	2518201555
1763	588721129642184704	176657599
1764	588721247309012993	2785390419
1765	588722660000956416	93107131
1766	588731141420613635	3089717234
1767	588732135713832960	379482411
1768	588732595548114944	0
1769	588737891712442368	2208412405
1770	588742545619951616	348255536
1771	588746989870981120	19432346
1772	588750484111904768	245909009
1773	588750819790442497	354440308
1774	588751898305396736	93107131
1775	592560126944550912	28339731
1776	592652664896368640	18086787
1777	592669363787948032	0
1778	592671722832326656	2762288549
1779	592701985800986624	22019443
1780	592727969900138497	2863774500
1781	592736797500780544	790546093
1782	592746307648942080	368623629
1783	592747364533837826	0
1784	592776323342442497	311622816
1785	592778696932614144	27532984
1786	592788081570402304	0
1787	592798360945430528	0
1788	592801588105846784	1161032318
1789	592803449202417664	990269509
1790	592814503693279234	0
1791	592814641341935618	0
1792	592814927355768832	0
1793	592816873156247552	0
1794	592856998133276672	457997085
1795	592868600979038208	517084598
1796	592868679072743425	15995683
1797	592870380743823360	0
1798	592875659044777985	923641921
1799	592880937605660672	0
1800	592882762404732928	0
1801	592884221229867009	1531791140
1802	592902519996579840	1883333624
1803	592916053719519232	1149353412
1804	592922727872405504	2387639999
1805	592953854498594816	0
1806	593026562586497024	113081744
1807	593068022547382272	2369596231
1808	593069234134994944	0
1809	593078724016242688	2369596231
1810	593087291842691074	24688850
1811	593088810772205568	15614582
1812	593135512698933248	0
1813	593149367571349504	2203656907
1814	593151237895356416	3214786827
1815	593152198554603520	0
1816	593162280210178048	284325935
1817	593169975424122880	1149353412
1818	593178731176333312	436894497
1819	593185589010309120	565663485
1820	593188280591482880	2904695183
1821	593191297437040641	0
1822	593197550427058176	33760345
1823	593204298508447744	1149353412
1824	593208077156880384	417562267
1825	593212877193916416	1552520972
1826	593217660059459584	0
1827	593221425353388032	921983294
1828	593223680362213376	2385873745
1829	593223687706378240	2473562064
1830	593226648713097216	2485769186
1831	593227318631518208	2485800912
1832	593237012662067201	2883615951
1833	593238267337703426	0
1834	593249845328089089	921437132
1835	593261079620362240	0
1836	593276712407986178	376370548
1837	593280212353327104	34048927
1838	593295038735462400	0
1839	593322361954271232	2369596231
1840	593400064682385409	781353956
1841	593416618044067840	0
1842	593417550438014977	20457375
1843	593418172977389568	0
1844	593418399901966336	78776348
1845	593420067544670208	78776348
1846	593426794121863168	48124610
1847	593426988179836928	2924173747
1848	593427611629543427	183753455
1849	593430442314964992	803794298
1850	593434789841137664	781353956
1851	593435252976156672	2485528477
1852	593441607367532544	1027438579
1853	593450247512272898	379385416
1854	593472021624913920	37792953
1855	593472176721887235	37792953
1856	593472745809321985	37792953
1857	593476794969362432	924604970
1858	593487472778162176	28332149
1859	614111172908855296	1160802216
1860	614115183959650304	131530690
1861	614118164155142144	178985300
1862	614120364612784128	3252304130
1863	614123124238319616	1559437922
1864	614124257996464128	2714736302
1865	614126112860323840	2951585327
1866	614134012764930048	3251305226
1867	614134333713088512	2547170155
1868	614146999731027969	2586164682
1869	614162764383170560	0
1870	614166256086749185	0
1871	614171901762473984	828155418
1872	614172352713240576	2908458650
1873	614188877197246470	3170681876
1874	614196144814452736	0
1875	614204223056535552	2571878965
1876	614209038474031104	1650388410
1877	614210645274324993	15020730
1878	614211579920433152	25398845
1879	614213308137078784	101945848
1880	614219898940559360	0
1881	614220030473957376	0
1882	614220627025727488	0
1883	614223467211280384	17237178
1884	614225732290523136	0
1885	614225756152037378	0
1886	614228818040082433	47348085
1887	614233635521212416	0
1888	614241300922109956	62697366
1889	614242554213588992	3243741217
1890	614250095073230848	0
1891	614250978628517888	2296750843
1892	614251175303450624	124088515
1893	614252094506319872	0
1894	614252209895641088	373125198
1895	614253847033348096	2565762389
1896	614260081312559104	281310593
1897	614260299718242304	863113304
1898	614265966944485377	2894032402
1899	614269784239181824	0
1900	614272485098430464	0
1901	614278099115601920	841704092
1902	614278217969610752	30421467
1903	614280079426752512	0
1904	614282348843024384	0
1905	614290153205428224	0
1906	614303418811678720	724658586
1907	614320832194568192	253299193
1908	614325564648878080	34048927
1909	614330474106781696	0
1910	614360983578882048	3107839339
1911	614375300898516992	0
1912	614385761467691008	0
1913	614408564694740992	378815402
1914	614416061874634757	3170681876
1915	614425939263520768	19694480
1916	614432243780468737	3112890332
1917	614438583403945985	21415068
1918	614442384508755968	3193043938
1919	614443840284585986	0
1920	614447212488077312	28152598
1921	614447543359922176	0
1922	614449384625975296	519728191
1923	614453007468597249	20641613
1924	614454999087607808	0
1925	614456164097458177	28134331
1926	614456606407946241	0
1927	614460696244256768	28152598
1928	614465977242161152	0
1929	614467498608431104	846649044
1930	614475201997348865	81438841
1931	614486251325009920	430205622
1932	614499376837193728	22303562
1933	614504579657433089	921437132
1934	614506715279716353	0
1935	614510092507963392	2991043915
1936	614514318198087680	386047805
1937	614516863037476864	3237384536
1938	614518006270443520	846466327
1939	614519134378799104	0
1940	614520924444819456	183753455
1941	614521122743304192	0
1942	614525205084372992	203650771
1943	614531521479884800	0
1944	614535350262730752	846184748
1945	614539327213817860	72454254
1946	614539363729412096	0
1947	614542363143204864	3081420210
1948	614547446329294849	460422982
1949	614552886337363968	3070209746
1950	614558677866053632	204355964
1951	614559779298541568	454330756
1952	614561453886967812	0
1953	614565497003188225	0
1954	614567785155330048	0
1955	614568601228591104	0
1956	614569248896081920	2236166862
1957	614576573128294400	2190383267
1958	614580403169460224	3111889034
1959	614584038519635968	1129762164
1960	614589979172286464	0
1961	614590271964078080	3062055361
1962	614593524097527808	159605210
1963	614594180749389824	12897402
1964	614594680043376640	22303562
1965	614595737800843264	232865000
1966	614601430247280640	477889371
1967	614602505591259136	0
1968	614602534477500416	215697991
1969	614604200111120386	0
1970	614610416497356800	921437132
1971	614613874470440960	22303562
1972	614614551833657344	17044839
1973	614619578572931072	519728191
1974	614622600283705344	1710743832
1975	614625673018232836	1710743832
1976	614629564266844160	3035800695
1977	614637194964107264	3152299939
1978	614664929673637889	0
1979	614676022525587456	573912263
1980	614679202995040257	0
1981	614680267790249984	82774733
1982	614692830355722241	258916333
1983	614694915302297601	210320751
1984	614707680746180608	2256745548
1985	614714602815754240	0
1986	614732063883829248	0
1987	614752362838794241	551176355
1988	614752492178534400	0
1989	614754124438065152	0
1990	614763131764666368	0
1991	614764463758135296	3225095235
1992	614788193368547328	2609463888
1993	614799024185413633	2480435185
1994	614801288535130113	23636341
1995	614804678216388608	0
1996	614816475820523520	0
1997	614825243119587329	519728191
1998	614832351747682304	841704092
1999	614832980096258048	3236255964
2000	614841496592887808	0
2001	614843827636015104	460516990
2002	614857599293497345	137455850
2003	614861965714784256	0
2004	614868578987298816	0
2005	614875434103275520	243801539
2006	614893069448650752	22258499
2007	614897854646239232	969012494
2008	614905627618488321	3185235143
2009	614918321679372288	0
2010	614936339323064322	355655086
2011	614937080888623104	1566785113
2012	614954773188636673	0
2013	614956921158782976	0
2014	614961514290806784	0
2015	614964551273082880	1905938222
2016	614967141402423297	0
2017	614980722433097728	316649790
2018	614984081118482432	81438841
2019	614986056249651200	838627057
2020	614990003979030528	2735705952
2021	615016164024913921	256295544
2022	615023577922809856	1534688612
2023	615028524387151872	3087391632
2024	615031631779373056	0
2025	615124725241528320	111631919
2026	615131406033928192	0
2027	615134709308358656	1172143405
2028	615168092746944512	0
2029	615199296800071680	0
2030	615199630121410560	1629242024
2031	615205234852384769	519728191
2032	615209464581361664	1255179128
2033	615211658261200896	182347444
2034	615219663467732992	22303562
2035	615231425772711936	20776147
2036	615231846209552384	1129745845
2037	615232675041968128	538036220
2038	615269886051246080	23846387
2039	615283685655343104	78897887
2040	615288244385808384	2878829060
2041	615303383486988288	226168436
2042	615306154147713024	49633388
2043	615354955843665920	1706347562
2044	615357576591486977	16223976
2045	615361718705909760	259332340
2046	615377972116074496	0
2047	615378409959505920	308212534
2048	615381748604645376	361375950
2049	615388631360876544	151284118
2050	615402033084895233	3000911754
2051	615409686599208960	0
2052	615487628679507968	0
2053	615504326992080897	0
2054	615508847810117632	0
2055	615518053153923072	923641921
2056	615518256103849984	0
2057	615524583551184896	3001327774
2058	615533531977134080	514566407
2059	615534645459992576	422764873
2060	615539534676123650	67958783
2061	615540320315424768	196292489
2062	615547417811791872	0
2063	615569744553472002	38445467
2064	615573020229410816	0
2065	615583579108691968	841704092
2066	615604238794797058	16187025
2067	615608645913411585	162114552
2068	615634522047160320	0
2069	615637735735488512	192063194
2070	615644646631305220	0
2071	615657653696638976	0
2072	615683889923657728	177584156
2073	615690807845236736	274816731
2074	615693000937734144	0
2075	615695091013971968	251905304
2076	615705821419208704	253860949
2077	615724795406082053	0
2078	615729402500878336	27320992
2079	615740536264245248	0
2080	615754450473324544	0
2081	615760249996181504	22303562
2082	615838323349827584	0
2083	615839503186591744	54938472
2084	615851774516285440	44099200
2085	615875318226640896	0
2086	615879424823697409	0
2087	615889142296264705	3306173819
2088	615907498244075520	1244481517
2089	615909503066898432	0
2090	615911104141627392	3243741217
2091	615913753410797569	0
2092	615942247838842880	182347444
2093	615951204661755905	809503508
2094	615952987589058567	3053054433
2095	615955423007391744	0
2096	615970189071380481	0
2097	615970468550586368	0
2098	615983599242743808	15800697
2099	615983652598624256	0
2100	615987334924742656	15800697
2101	615988383895040000	0
2102	615989093470728192	23195603
2103	615993516464865280	0
2104	615998628616781824	715044396
2105	616001052727382016	0
2106	616006247121186816	2739638030
2107	616023979376029696	32200853
2108	616027724348391424	0
2109	616028282530607104	3243175638
2110	616031714977058817	42269798
2111	616031875996516353	23636341
2112	616037534057955328	22303562
2113	616040288818188288	0
2114	616040713172574208	0
2115	616044844847394816	2490529512
2116	616056720301821952	0
2117	616060142669279233	0
2118	616067848520085505	2904695183
2119	616072418608574464	0
2120	616074338198917120	197518793
2121	616076391344246785	0
2122	616080542161833984	25030651
2123	616081111509278724	0
2124	616087699250905088	0
2125	616088947987320833	0
2126	616091016836333568	0
2127	616092245381541888	0
2128	616098473654382592	0
2129	616107164810256385	27587178
2130	616108820121554944	0
2131	616120469062729728	0
2132	616137868721831936	488911358
2133	616182478814875649	124479036
2134	616211120249028608	0
2135	616216860875485184	0
2136	616218680184164352	0
2137	616221866693394432	437726498
2138	616225131812245505	18205761
2139	616233653861945345	590173575
2140	616238751707230208	0
2141	616238974588170240	0
2142	616258949654843392	540930006
2143	616260749510451200	0
2144	616261745422782464	990269509
2145	616264078907080705	119182046
2146	616268132429209600	2956259109
2147	616268298523578373	3243741217
2148	616270182613319680	22303562
2149	616270999613538304	2811455407
2150	616272461168971776	512627900
2151	616273322808971264	294991606
2152	616275783796002816	168819220
2153	616285133587353600	2811455407
2154	616285682714152961	87957969
2155	616290037802602496	24572630
2156	616290247027003392	20004501
2157	616293374237093888	0
2158	616293893320089600	0
2159	616300460723585024	147290864
2160	616301103303557120	182347444
2161	616303373055213568	379082219
2162	616307971132231680	1534688612
2163	616308231959392257	182347444
2164	616308347399221248	17167572
2165	616316134552309760	1618797350
2166	616317459990216704	484514913
2167	616317463022710784	23846387
2168	616324891801858048	2904695183
2169	616338643729432577	1102712310
2170	616340404502335488	51716011
2171	616340530914422784	21909984
2172	616341055328227328	20004501
2173	616356994019119105	395484842
2174	616361341150887937	1889854964
2175	616372401031507968	1242410526
2176	616380892097966080	0
2177	616382587456503808	41911874
2178	616387609967759360	0
2179	616389764812386304	3248831545
2180	616390668454248448	0
2181	616399875882680320	3056142064
2182	616416957445726208	17283062
2183	616421494973984769	3354224537
2184	616428269605261312	179398887
2185	616432141056917504	350047207
2186	616436971284475904	2904695183
2187	616448038953816064	319991608
2188	616462460959109120	0
2189	616463675839356928	203650771
2190	616463898720374785	0
2191	616466750226305024	2725694319
2192	616483288098697216	0
2193	616508875425058816	175499065
2194	616514770141904896	163785600
2195	616563638032289792	211956557
2196	616566047928250368	0
2197	616573631737556992	131555214
2198	616583924270149632	129235890
2199	616586302180429824	110023569
2200	616591919590674432	25678502
2201	616592144317284352	1340063743
2202	616593538319409153	319991608
2203	616606745582919680	9384712
2204	616610041643302912	431773157
2205	616611032069337088	0
2206	616628399021297665	0
2207	616631034935934977	183753455
2208	616643628149178368	0
2209	616654253810155521	54032913
2210	616676936727834624	552178363
2211	616683980855844864	420013806
2212	616692706883076096	3315006868
2213	616704078945517568	0
2214	616705709841854468	192014466
2215	616711316712001536	35525944
2216	616724975127429120	0
2217	616725683356565504	3266119904
2218	616762608671150082	17237178
2219	616766491116077056	183753455
2220	616776365866483713	0
2221	616779579219247106	0
2222	616785053562073088	534489724
2223	616785840514158592	534489724
2224	616786821981315072	534489724
2225	616788022479167488	534489724
2226	616788709770436608	534489724
2227	616788724899119104	0
2228	616789150788907010	534489724
2229	616789348688769025	534489724
2230	616789725773451264	534489724
2231	616791171470389248	2903194852
2232	616793155577360384	534489724
2233	616794397208879104	0
2234	616795733862121472	154497395
2235	616801146280280064	534489724
2236	616801427265032192	534489724
2237	616801860620582912	534489724
2238	616802422040739840	534489724
2239	616803027790381056	0
2240	616804963038199808	534489724
2241	616806576951681024	47348085
2242	616809407704379392	220826934
2243	616815562874732544	0
2244	616831731648307200	203650771
2245	616832708086513665	203650771
2246	616833549069475840	32765764
2247	616868994000162816	27593757
2248	616877613483593728	0
2249	616877729305133056	0
2250	616936815996461057	944224682
2251	616937893148426240	18205761
2252	616941359111409666	0
2253	616962552413716480	0
2254	616991240886874112	256209052
2255	616996962294996992	0
2256	617006997469286400	25437536
2257	617010389239246848	122567822
2258	617010524241309696	0
2259	617020550842417152	0
2260	617038981910384641	0
2261	617042173205217280	3243741217
2262	617043110804221952	0
2263	617050464580861952	614730516
2264	617062027719221249	0
2265	617080942377631744	308212534
2266	617098761672761344	0
2267	617113444932788224	16146535
2268	617137819442651136	0
2269	617140753983102976	18277208
2270	617141621180645376	470528439
2271	617141928522416128	308212534
2272	617142322799599617	0
2273	617154005131661313	24413950
2274	617154773154926592	20812098
2275	617163792334467078	0
2276	617165258872893440	22720990
2277	617173176443768832	0
2278	617224409481412608	0
2279	617249401757499392	3267764497
2280	617290225161793537	226168436
2281	617305457888133120	308212534
2282	617331613601542144	15278752
2283	617340972339343360	1506087619
2284	617353152053018625	0
2285	617364347426312192	0
2286	617373900297662464	15170286
2287	617387691886313472	1230007218
2288	617409083243499520	1475383028
2289	617419425948434432	3070481688
2290	617427535681335300	0
2291	617428446025682944	0
2292	617442133276913664	0
2293	617444748190740481	61567598
2294	617444797914021888	2931942752
2295	617471384407683072	841704092
2296	617473582961197057	0
2297	617478526355136512	18204607
2298	617497904488558592	551509847
2299	617517147057565696	16532762
2300	617538853721649152	0
2301	617557957174169600	287016103
2302	617572008583258112	319991608
2303	617619276699021313	0
2304	617621352690909184	0
2305	617639589964976128	0
2306	617650873615937536	391430036
2307	617659570366885888	3358485281
2308	617678289088282624	2376582930
2309	617681377975267328	3268258818
2310	617684755459342336	0
2311	617688467686866945	0
2312	588394404768915456	1856280157
2313	588397155792068608	3026078916
2314	588410170390159360	1448986688
2315	588412008069869568	593296499
2316	588412766794293248	274582904
2317	588415655172411393	462683900
2318	588416336629526528	2683134085
2319	588416545153482752	2683134085
2320	588424812592140288	38031897
2321	588426462245556225	89547441
2322	588426833428774912	1400503214
2323	588428153300721664	275714700
2324	588433682609926144	1476111248
2325	588446766887870464	1302428840
2326	588447454871232512	423022414
2327	588452212830904320	1057244852
2328	588459837253558273	0
2329	588461600853647361	211332420
2330	588462254430892032	1112609240
2331	588462812181221376	0
2332	588502756488585216	2720677413
2333	588502899304464385	116642061
2334	588509099119226880	3134097521
2335	588509358067089408	61266376
2336	588511453352747008	0
2337	588512828522438656	126652559
2338	588514731637407746	230899742
2339	588515436364492800	0
2340	588519224550805505	0
2341	588521219118526465	0
2342	588527665365188608	118991546
2343	588528067125084160	0
2344	588532301287579649	0
2345	588533181579710464	0
2346	588538828698312704	0
2347	588541147326316545	93814009
2348	588541594443321344	2519041406
2349	588551425652871168	0
2350	588557687979319296	0
2351	588560339794587648	0
2352	588568164692205568	0
2353	588570120026370049	0
2354	588629987487420416	236728688
2355	588632134706802688	0
2356	588664572363571201	0
2357	588669415505285120	1361824520
2358	588670678158610432	1963571004
2359	588690631524012032	2370874585
2360	588691320811716608	2649658651
2361	588694116571152384	65254420
2362	588695449445523456	3069601323
2363	588700748592058368	0
2364	588709911808323584	151005270
2365	588713041220481024	0
2366	588713540569042944	1735264291
2367	588715151186010112	1686369542
2368	588715362952306688	1938597084
2369	588716967537745923	2208412405
2370	588718177095266305	373505326
2371	588736214213070848	304023456
2372	588740574456320001	0
2373	588740789141786626	84706649
2374	588742095839621121	794401550
2375	588751093389197312	2794490467
2376	588758460239601664	0
2377	588759611831939072	303554946
2378	588760031471869952	116642061
2379	592538826070990848	607886013
2380	592541395652575232	2911129285
2381	592544817701355520	588654221
2382	592560416221302784	0
2383	592613560695595008	426804233
2384	592622444214505472	0
2385	592688715304153089	2924408093
2386	592691379614146560	526650706
2387	592692904721776642	526650706
2388	592709158513815552	0
2389	592710329307701248	33336675
2390	592712307769245699	987715628
2391	592718000270286848	820137715
2392	592718171716636673	2519041406
2393	592727778891534337	180786728
2394	592746734457114624	794401550
2395	592751127847948289	1900908690
2396	592768348993228801	976530702
2397	592774994666590208	938073644
2398	592781535352324097	229588028
2399	592782243057278977	632470518
2400	592783787525873664	29941615
2401	592785738850242562	26313306
2402	592787982777765889	0
2403	592790835047043072	364691947
2404	592793654256869378	14659577
2405	592803271405887488	0
2406	592813788665159680	0
2407	592833509326266369	0
2408	592839813235093506	240844856
2409	592844935914758144	274582904
2410	592846793332916224	305729040
2411	592849634239844352	3188005545
2412	592856213274173441	1395074425
2413	592858747451666433	274582904
2414	592865806385586176	938073644
2415	592870938368155648	240844856
2416	592875355133870082	2953952180
2417	592878362516946945	0
2418	592880283071950849	840421620
2419	592895185937399808	0
2420	592900413348847616	292370994
2421	592903832402821122	1968144578
2422	592906857783656448	1057244852
2423	592907049492729858	501234848
2424	592910372174176257	43100087
2425	592915875537285121	918502830
2426	592937051378561024	42479153
2427	592950270578991104	0
2428	592990440548347904	20852423
2429	592995971149074432	1057244852
2430	593009319265701888	445412046
2431	593016923278815232	0
2432	593019370483392513	122381405
2433	593021169521004544	0
2434	593029461068500994	370407497
2435	593040772431278080	762534008
2436	593042772166373376	0
2437	593047343529893891	2759766645
2438	593048796285771776	1125492462
2439	593048969267290112	1125492462
2440	593055736726294528	274582904
2441	593067098232004608	276895252
2442	593069953038745600	1366273350
2443	593078154811592704	3078208799
2444	593084128054026240	550273827
2445	593087841065771008	174332477
2446	593090245945491456	370407497
2447	593104739211968513	1097027300
2448	593132497770184704	45335538
2449	593137409933615104	2924408093
2450	593138189163855873	3041943642
2451	593155165743489025	274582904
2452	593167170156265472	2858345604
2453	593167409189494784	2859217526
2454	593168523964231680	311521075
2455	593179624659550208	2859217526
2456	593180130933018625	2859217526
2457	593180135949520897	0
2458	593187016906506241	1566855433
2459	593208468473061377	2435948240
2460	593215941908963329	0
2461	593217968605110272	0
2462	593225899010580480	0
2463	593227341976985602	0
2464	593237321337540608	0
2465	593242755603783680	126523005
2466	593246708961710080	0
2467	593248483685093376	0
2468	593248798865952768	263897316
2469	593258958653038592	0
2470	593261187858616320	2519041406
2471	593264852652687360	376370548
2472	593265278928093185	1900908690
2473	593265932769697792	2772418567
2474	593277844618248192	0
2475	593307696897527808	2950081504
2476	593325390514561024	0
2477	593390400108437504	93891664
2478	593395718145974273	21324543
2479	593397338300747776	21324543
2480	593398189610303490	0
2481	593400463481012225	3164925309
2482	593401363616378880	3164117968
2483	593401774846910468	3164117968
2484	593407718892810240	580164192
2485	593416560858910720	332003842
2486	593417063869370368	37762125
2487	593427583108313088	142137035
2488	593435808541089792	0
2489	593435982957047809	0
2490	593436386902040576	351805964
2491	593437636884201472	35046000
2492	593438890951888897	574311668
2493	593455219788402688	245580162
2494	593455952797573121	575688473
2495	593456282629238784	848084893
2496	593456674519785472	245580162
2497	593458029846200321	245580162
2498	593459076299923456	245580162
2499	593461511055638528	245580162
2500	593462428794400768	82915010
2501	593463463785189378	42520161
2502	593463480436531202	552249623
2503	593470858896789506	245580162
2504	593472619208380419	33051120
2505	593473806607454209	245580162
2506	593474656205701122	245580162
2507	593475287666532352	0
2508	593481866428166146	0
2509	593486253045198848	26254697
2510	593487496954118146	0
2511	593489076965253120	2764409537
2512	593490006548840450	0
2513	614108831182753792	15738612
2514	614109862813941760	299776432
2515	614115958014259200	0
2516	614117085594152960	77013143
2517	614132557211418624	1099255296
2518	614146148035612674	176187991
2519	614146897457086464	176187991
2520	614147009608556544	176187991
2521	614147116357812226	176187991
2522	614147173379391488	176187991
2523	614147309534711808	16180559
2524	614147346998411264	176187991
2525	614147492117151744	176187991
2526	614147581816479745	176187991
2527	614147691203940352	176187991
2528	614147733390270465	176187991
2529	614147771839459328	176187991
2530	614147810276044801	176187991
2531	614147859194245124	176187991
2532	614148014425403396	176187991
2533	614148139491151873	176187991
2534	614148218562211841	495072523
2535	614149654620581888	556261687
2536	614150004173873152	26071396
2537	614151556733247489	0
2538	614152427294584832	990372008
2539	614152558597287936	495072523
2540	614153774043660288	1720527314
2541	614153974162305024	176187991
2542	614154448013762561	556261687
2543	614154732425355264	246842298
2544	614155143001436160	3241958463
2545	614155848361857024	990372008
2546	614156127798890496	16180559
2547	614156884501790725	246842298
2548	614157045797928960	990372008
2549	614157168137359360	15907183
2550	614157557477675008	118991546
2551	614157580005347328	0
2552	614157876563714048	2562513816
2553	614158008826896384	176187991
2554	614158656964132864	16180559
2555	614160023812485121	24192269
2556	614160374682685441	3041519156
2557	614160676626538496	203333954
2558	614161639475138560	79541275
2559	614164775010877440	488715970
2560	614165118671130624	0
2561	614167458119680001	16180559
2562	614168887702241280	2173032090
2563	614168923005652992	1720527314
2564	614172634788548608	26071396
2565	614172816297099264	19987328
2566	614173237069643776	26071396
2567	614173253305700352	0
2568	614173592935378944	230899742
2569	614175708353466368	0
2570	614176138915618816	230899742
2571	614176822469750784	230899742
2572	614177817027301376	230899742
2573	614180278798565377	1720527314
2574	614180693585883137	556261687
2575	614181084264288256	66030606
2576	614181890338091008	565990533
2577	614183576934981632	230899742
2578	614185875807858688	0
2579	614187812343152640	333096539
2580	614189030670995456	2582800071
2581	614192185181732864	0
2582	614195482319958016	0
2583	614200172940111872	16180559
2584	614201516417617921	990372008
2585	614206732265496576	1046114347
2586	614207649178087424	263748985
2587	614208511279394817	105030888
2588	614222739935744000	0
2589	614225215921463296	14940452
2590	614240391018123264	0
2591	614249288932044800	2399958906
2592	614250459826626560	78170242
2593	614251108949606400	0
2594	614263605802852353	16989970
2595	614270311601672192	109360465
2596	614277895859482624	0
2597	614278306746073088	0
2598	614279270022705152	2519041406
2599	614280358339547136	1037787463
2600	614290359393386497	194619305
2601	614300918217994240	0
2602	614326159661109248	0
2603	614344328152875008	171695328
2604	614397669197369344	2159643042
2605	614405202897203200	248678364
2606	614416727783419904	142642716
2607	614421556484272130	2933804643
2608	614422636005822464	74923909
2609	614435708137115649	260527870
2610	614438253089959936	22730618
2611	614443059749621760	35298128
2612	614445307909140480	2559582960
2613	614445802430160896	2559582960
2614	614446429684281344	3076256505
2615	614448252079878144	0
2616	614449078202712064	521955365
2617	614449114760261632	192614602
2618	614449192233238529	230899742
2619	614451178227802112	3076256505
2620	614452462695546881	1666246904
2621	614453885109833730	0
2622	614458053308620800	31188140
2623	614459916024201216	2794221156
2624	614460169657929729	158163008
2625	614462052023803904	144918041
2626	614463449108774912	821414353
2627	614464597832151040	245580162
2628	614468466700062720	2763500715
2629	614469599338360834	582294741
2630	614471964330070017	264262161
2631	614488942226702336	3153527292
2632	614489451876741120	0
2633	614492388145369088	193573825
2634	614492585709707264	266686959
2635	614498457504645120	0
2636	614501205201584128	373505326
2637	614501763270324225	253356099
2638	614508686472540160	0
2639	614514418529861632	1670645592
2640	614516270323478528	260608707
2641	614516343610691584	26071396
2642	614516425638580224	0
2643	614522524857167872	0
2644	614523017905971200	2250493751
2645	614524755861901313	288919245
2646	614525300328640517	593986993
2647	614526146106032128	134446334
2648	614526620615905281	0
2649	614527646181912576	37766774
2650	614527769758674944	711796142
2651	614530866312806400	0
2652	614534332221378560	215491063
2653	614534521707298816	0
2654	614534761722163200	0
2655	614536163005726721	1069761618
2656	614536944161320960	969863028
2657	614539563411750912	36207113
2658	614540084335939584	2149752998
2659	614541868555079680	245462185
2660	614543580032471040	3240897141
2661	614544456725987329	713564221
2662	614544882632294400	0
2663	614549532756570116	295953728
2664	614550752648806400	574136126
2665	614550893007126528	2766921938
2666	614551803519045632	1511351714
2667	614553894325231618	542156090
2668	614555048744497152	0
2669	614555326608576512	2194928326
2670	614556220842725380	0
2671	614561979731210244	35556048
2672	614563397967970304	56906548
2673	614568575769051136	413729388
2674	614569317716348930	2970133133
2675	614581134207356929	18014373
2676	614581703336665093	770658414
2677	614596192400314369	400043405
2678	614603854949285888	54454385
2679	614603897877835776	0
2680	614607143749074944	35525976
2681	614607856432738304	481610990
2682	614609289467047936	2375945442
2683	614609745295613952	18111483
2684	614616587333685248	0
2685	614618760477945856	0
2686	614627748829528064	61314212
2687	614634402904178688	3039108088
2688	614652152590393344	0
2689	614660753413533696	0
2690	614662176549281792	0
2691	614662663285641216	862312878
2692	614664713918525440	2527758476
2693	614666745593225216	1057244852
2694	614692300556496896	0
2695	614706567745830912	472722481
2696	614745906118815744	2886941025
2697	614758712121671680	489885788
2698	614790338239168512	2924173747
2699	614790399044001792	245580162
2700	614790780587216897	1874616600
2701	614804541993824256	18512848
2702	614805462840688640	0
2703	614819554200424448	0
2704	614820412132724736	262238760
2705	614833587741814784	307409976
2706	614839274798592001	504016745
2707	614839764932554752	87506526
2708	614846409590714368	0
2709	614848659075821568	707140640
2710	614850662015324160	135586989
2711	614854504597446656	480492819
2712	614855146636484609	1071058956
2713	614879219781234688	64813290
2714	614882995741306880	0
2715	614885814581989376	2177337757
2716	614886440246231043	286910376
2717	614899006431301632	1093161157
2718	614901947418566656	29888040
2719	614904688383803392	2429053827
2720	614919938201903108	16134203
2721	614931774183997444	18235613
2722	614935890922573824	1120979353
2723	614975511903752192	570472249
2724	614977363156140032	2766766785
2725	614979260068032512	316649790
2726	614979466943598592	349222101
2727	614984363583770624	501234848
2728	614985003424878592	501234848
2729	614990461011406848	15974515
2730	614997247915372548	762751633
2731	615002323065151488	187958175
2732	615003301780688896	88296327
2733	615008867919921152	1057244852
2734	615014646702059520	40756848
2735	615025743404339200	0
2736	615078673868304384	259263671
2737	615131472945659904	407839506
2738	615154732865204228	59058094
2739	615164680634527744	2924837358
2740	615164922239000576	2924837358
2741	615174521528676352	456868224
2742	615177362188189696	0
2743	615179118997565440	16185232
2744	615184495503740928	1471615951
2745	615185915967737856	2952468264
2746	615188460802981888	1471615951
2747	615193805646499840	0
2748	615206911483363328	88861467
2749	615214538414276612	19786336
2750	615223205507244032	2260439108
2751	615226477655760896	103000520
2752	615234940893048832	384005220
2753	615241382052151297	404923541
2754	615261893846937600	2872454995
2755	615265968944754688	0
2756	615266994145767424	778712898
2757	615269439945076736	509769573
2758	615281636448600064	474533802
2759	615296611799797760	0
2760	615303328206090242	77013143
2761	615326699820052480	16607017
2762	615391075604275200	2896958303
2763	615392463814062080	3076256505
2764	615393830385401856	3076256505
2765	615395521558089728	34055339
2766	615395737397014528	2896958303
2767	615486464860753920	0
2768	615506656873590784	2922002179
2769	615513942681616384	1891202089
2770	615525034778431488	2279617531
2771	615532875698585600	2347855458
2772	615535724872507392	0
2773	615535942988902400	1974495078
2774	615536040141586432	1528659481
2775	615537463361015809	298821330
2776	615539045251203073	2303077585
2777	615540460443054080	878546018
2778	615551044429287424	3241958463
2779	615555712572387328	556261687
2780	615558457366814720	1675930123
2781	615572218525913088	29967957
2782	615576155857551360	2361911206
2783	615579840440369153	0
2784	615598701533265920	0
2785	615602598364581888	0
2786	615606975578050560	18028698
2787	615607179345670144	0
2788	615607315710935040	3133025402
2789	615609034834604033	131118806
2790	615609229492269057	2176428032
2791	615611526594998272	49715720
2792	615613540599205888	0
2793	615613812981530625	20913524
2794	615614961537171456	20466413
2795	615615126071308288	0
2796	615615849853001729	178332153
2797	615622826653913089	245115093
2798	615625094979842049	3348910433
2799	615630137246154752	46808996
2800	615634926562582532	2937150214
2801	615636912188039169	0
2802	615641924876144640	2295460021
2803	615642367320723458	274582904
2804	615643245847023620	80473558
2805	615646993562492928	1403424721
2806	615647234068099072	24172701
2807	615647516864811008	1871604686
2808	615649210461884416	80904174
2809	615649540914307072	0
2810	615650216377581573	1900908690
2811	615650576450236421	0
2812	615651070463885313	2411472876
2813	615653309513269249	241612113
2814	615653468649357312	21324543
2815	615656017662226432	0
2816	615661697521467393	44174813
2817	615661719134818304	937484864
2818	615665543580921856	296285008
2819	615677935303790592	3294543707
2820	615698701194010624	22833654
2821	615703164185124864	357901696
2822	615708617816174592	0
2823	615728213726203904	63291287
2824	615728811309666304	3076256505
2825	615730432336760832	356405100
2826	615742500565692419	28246428
2827	615762269591343104	245580162
2828	615762314604605440	0
2829	615762356040142848	245580162
2830	615771051562110976	242863027
2831	615778760919396352	2744370787
2832	615805793082871808	0
2833	615828131451129856	0
2834	615831172216713216	556261687
2835	615863148273217536	1471615951
2836	615926125550657541	0
2837	615942682565853184	2321093156
2838	615956333175685120	0
2839	615961786530025472	0
2840	615963287180713984	2519041406
2841	615971207049904128	0
2842	615978092188663808	1117114844
2843	615982986526244864	7435562
2844	615985591788941317	122961443
2845	615997240176455681	336867747
2846	616016209658650624	0
2847	616022920628957185	0
2848	616032501816033281	0
2849	616034925926465536	156669366
2850	616043109986664448	1442872940
2851	616045530506858500	2553149010
2852	616057541940912128	0
2853	616058875473625088	1290203400
2854	616069927250690048	38054768
2855	616074400350257152	0
2856	616076658219429888	0
2857	616080621912244226	0
2858	616132789092618240	3043893597
2859	616132925797568512	3043893597
2860	616140862746013696	323085742
2861	616148364699287552	0
2862	616148697127231488	0
2863	616179066576580608	1523084330
2864	616182288661942272	0
2865	616182783463915521	98542228
2866	616190105435439105	55143
2867	616200227825922048	56798817
2868	616209992824262656	547904199
2869	616218110266359808	252599372
2870	616219300764893185	7846072
2871	616231215893450752	985410115
2872	616239921196478464	0
2873	616245045264420864	0
2874	616253319120457728	373505326
2875	616277572981161984	171152361
2876	616279715448528897	233933230
2877	616284704715575296	0
2878	616285491311161344	140265010
2879	616290210020626432	400307692
2880	616297112901259268	137140274
2881	616306708105797633	20077515
2882	616320234622881793	448706240
2883	616320540433760256	448706240
2884	616326411419189248	0
2885	616337048610455552	101480081
2886	616339422255140865	101480081
2887	616340924436754432	1566855433
2888	616343082817040384	146712559
2889	616343353332883456	146712559
2890	616344341112619012	2821082002
2891	616347388387721216	623033353
2892	616361955415056390	541329511
2893	616368652871430144	63195884
2894	616371196192522240	63195884
2895	616379318449496064	25527925
2896	616383138957099008	103719930
2897	616392324013101057	0
2898	616398224501256192	302353072
2899	616403167685652481	0
2900	616403259385774080	1471615951
2901	616406963488886784	274582904
2902	616420397974704128	0
2903	616429808394764288	937254745
2904	616433910361145344	324119016
2905	616434106541289472	324119016
2906	616434725150814209	324119016
2907	616442740050673664	2519041406
2908	616448791525335044	2882815516
2909	616457992423256064	0
2910	616465067597541376	3312275805
2911	616507877298147328	3318314009
2912	616513000938319872	0
2913	616517259943636992	569175899
2914	616520365334904832	770885527
